system	call	action	probe1_defect	probe1_relative_error	probe3_defect	probe3_stderr	probe3_score	probe3_relative_error	full_occupied_defect	independent_probe1_defect	independent_probe1_relative_error	exchange_energy_defect_meV	ace_rank	exx_call_time_s
Si2	2	rebuild	0.006904682732289549	3.1851720008699383e-9	0.0069046827528998515	2.4951356302922858e-11	0.0069046828028025645	2.0019741758957677e-10	0.006904682754282151	0.0069046827238461155	4.40802810489199e-9	7.255185996337686	4	0.201759651
Si2	3	reuse	0.0016671580161082026	1.6143249551518947e-9	0.0016671580296599075	1.2664737878444639e-11	0.0016671580549893832	9.742951508892143e-9	0.0016671580134168678	0.0016671580549681702	2.49234337687357e-8	0.8853737850338989	4	0.285326646
Si2	4	reuse	0.0023141894318775415	9.604078455741231e-9	0.0023141894446641917	1.677847852203793e-11	0.002314189478221149	4.0787528657380065e-9	0.0023141894541031985	0.002314189484763256	1.3248724013448158e-8	1.3641863779795325	4	0.076788947
Si2	5	reuse	0.0022576437430875153	3.4798959720847187e-6	0.002257649625631442	5.882528604997615e-9	0.0022576613906886522	8.742929073104684e-7	0.0022576515994802227	0.0022576437430875153	3.4798959720847187e-6	2.0626200386433626	4	0.078603962
Si2	6	reuse	0.002232988572826707	3.305898602587212e-8	0.002232988553983778	1.884292909782685e-11	0.0022329885916696364	4.149742075842673e-8	0.0022329886466470475	0.0022329885162979198	5.8374290417751386e-8	2.4894234600389167	4	0.081573549
Si2	7	rebuild	0.002221611764561502	5.727059666941374e-7	0.0022216103457011957	7.969778469686041e-10	0.0022216119396568897	6.595698125147237e-8	0.0022216104922319173	0.0022216119385968028	6.510434167268945e-7	2.7499109802131985	4	0.110058443
Si2	8	reuse	0.00043432970171254073	4.105958848074129e-5	0.00043433557204407806	5.8702521929239305e-9	0.0004343473125484639	2.7544301635770915e-5	0.0004343475358436201	0.0004343534051609243	1.3512951772137271e-5	0.4410927426488696	4	0.081589558
Si2	9	reuse	0.0004327357422269358	7.318340721996925e-5	0.0004327505720653453	1.4829330263592141e-8	0.0004327802307258725	3.891595097724807e-5	0.00043276741362079834	0.0004327903518376716	5.300356762384199e-5	0.5457898871761457	4	0.082734734
Si2	10	reuse	0.00043368377555544715	5.2556682184044595e-5	0.0004336624332436579	1.6624283042480626e-8	0.00043369568180974283	3.342405161499652e-6	0.0004336609837729474	0.0004336293011823623	7.305842990399893e-5	0.6086314596194977	4	0.29140288
Si2	11	reuse	0.00043501874093297	7.143019163902768e-5	0.0004350424661680887	1.2852088505679023e-8	0.00043506817034510005	1.6895666598298553e-5	0.000435049816624744	0.00043501874093297	7.143019163902768e-5	0.6462423538635881	4	0.076174749
Si2	12	rebuild	0.0004362641094442352	7.249052250092048e-5	0.0004362820860625012	8.988216551395155e-9	0.000436300062495604	3.128769434605385e-5	0.00043629573675015715	0.00043631843239067355	5.201893716738193e-5	0.6686200700384445	4	0.107157372
Si2	13	reuse	8.83757283002284e-5	5.4148184811525435e-5	8.837309311383049e-5	1.3176659971577245e-9	8.837572844582481e-5	2.4328582312562022e-5	8.837094317406544e-5	8.837179780402655e-5	9.67093855072703e-6	0.09673315774047021	4	0.08219074
Si2	14	reuse	8.908071387090639e-5	1.746389544843653e-5	8.907815174488536e-5	1.2810722223610886e-9	8.908071388933009e-5	1.1298455619407939e-5	8.907915820180092e-5	8.908071387090639e-5	1.746389544843653e-5	0.10334386028159948	4	0.081169611
Si2	15	reuse	8.975589912120214e-5	2.212859614799784e-5	8.975727237291058e-5	1.7579523484038564e-9	8.976078827760738e-5	6.829085656254989e-6	8.975788533719787e-5	8.97557930876305e-5	2.330992491082326e-5	0.1070634340314653	4	0.082228441
Si2	16	reuse	9.031218924400511e-5	2.2408268521544833e-5	9.031502094776107e-5	1.45711538919996e-9	9.031793517853946e-5	8.945642020154164e-6	9.031421302914198e-5	9.031186409252636e-5	2.6008493423558474e-5	0.1091099749991314	4	0.082717035
Si2	17	rebuild	9.074477300410964e-5	2.585328276790837e-5	9.074651507419382e-5	1.742036642908107e-9	9.074999914747963e-5	6.656308790508484e-6	9.07471191150405e-5	9.074512358939569e-5	2.1989961381316074e-5	0.11020241140698404	4	0.32677012
Si2	18	reuse	1.9127555280366825e-5	4.6065340071386944e-5	1.9128229592727023e-5	3.371532087588333e-10	1.912890389914454e-5	1.0813511602645327e-5	1.912843643829639e-5	1.912833816299529e-5	5.137654685744896e-6	0.012426038902845292	4	0.078605542
Si2	19	reuse	1.943897574407544e-5	4.523553540330321e-6	1.9439215847801816e-5	3.025049254163792e-10	1.9439820857652648e-5	7.828056102732891e-6	1.9439063677720762e-5	1.9438607160529254e-5	2.348452575066127e-5	0.012796587922318239	4	0.078592623
Si2	20	reuse	1.9690095306860338e-5	3.814414880005097e-5	1.968979778258569e-5	2.682850265446083e-10	1.969033435263878e-5	2.3033220243331098e-5	1.968934427358259e-5	1.96891403312094e-5	1.0358007374876734e-5	0.01296340939503851	4	0.083468213
Si2	21	reuse	1.9882590899913002e-5	5.34524682942204e-5	1.988365958388925e-5	5.669609787470283e-10	1.9884793505846742e-5	2.9439285832548397e-7	1.9883653730283593e-5	1.9883865578481706e-5	1.0654389831286451e-5	0.013026064281689495	4	0.08197024
Si2	22	rebuild	2.0031050645717616e-5	2.0478937896925528e-5	2.003121721158629e-5	8.32827612088127e-11	2.003138377710871e-5	1.2163724654769019e-5	2.003146086876073e-5	2.0031400148222474e-5	3.03125861139653e-6	0.013029991540742877	4	0.111310737
Si2	23	reuse	4.458171444570285e-6	8.780498275460015e-6	4.4582621005879555e-6	5.302610712826341e-11	4.458368152802212e-6	1.1554121600041627e-5	4.4582105898806815e-6	4.4581677980121475e-6	9.598440376742337e-6	0.0003892922892459752	4	0.083202863
Si2	24	reuse	4.553865564676845e-6	3.207989889481402e-5	4.553927280182836e-6	6.098483792510043e-11	4.554049249858686e-6	1.8527999901079775e-5	4.554011656910365e-6	4.553867027302863e-6	3.175872579994482e-5	0.0005397247884634205	4	0.293848716
Si2	25	reuse	4.629538727546061e-6	1.5603333519308453e-5	4.629462848757475e-6	1.0397592377368863e-10	4.629670800605022e-6	7.87062374067997e-7	4.629466492436363e-6	4.629481092757061e-6	3.153780402554954e-6	0.0006237774902745455	4	0.076367232
Si2	26	reuse	4.68754347705457e-6	9.758271005465756e-6	4.687577948119715e-6	3.447081165961259e-11	4.687646889743034e-6	1.711210178959569e-5	4.687497735181332e-6	4.68754347705457e-6	9.758271005465756e-6	0.0006669355705374903	4	0.079591494
Si2	27	rebuild	4.7311821786804885e-6	1.6735955489243798e-5	4.731224216787216e-6	4.2037733214788523e-11	4.731308292253646e-6	7.850775931208293e-6	4.731261360860032e-6	4.731136098641238e-6	2.64754384170212e-5	0.0006903011117962623	4	0.111409539
Si2	28	reuse	1.091832188048875e-6	2.3253144582400162e-5	1.0918026744855341e-6	1.50778880003002e-11	1.0918328302615347e-6	3.7787106304172753e-6	1.091806800107496e-6	1.091832188048875e-6	2.3253144582400162e-5	0.00035682525573699724	4	0.081695459
Si2	29	reuse	1.115635158523368e-6	7.6143342606839176e-6	1.1156508198770151e-6	9.747309442641965e-12	1.1156703144959004e-6	6.423619165924873e-6	1.1156436534070608e-6	1.1156697846352457e-6	2.3422558005134226e-5	0.00028053731904159715	4	0.080684405
MgO2	2	rebuild	0.004111521203255233	0.016777344073794942	0.004011719550236802	5.039302875900037e-5	0.004112505607754803	0.007903559823748544	0.004043679009194003	0.003960682142663695	0.020525087758350744	4.428845867277086	8	0.166034461
MgO2	3	reuse	0.0005600303855864383	0.05154587507805723	0.0005596628409188116	3.861426041393545e-6	0.0005673856930015987	0.05216833997474056	0.0005904664979263267	0.0006261018660833455	0.060351210919107966	5.514648886993693	8	0.115783651
MgO2	4	reuse	0.0008478662480063983	0.02446631173619967	0.0008524240480479301	9.741397017642644e-6	0.0008719068420832153	0.02997344521292223	0.0008276175002470203	0.0008577955941614901	0.036463818014315176	11.083155082305584	8	0.116780314
MgO2	5	reuse	0.0009697943921802144	0.04963462057325346	0.0010313458401984665	3.1773273799513486e-5	0.0010948923877974934	0.010683696094494006	0.0010204437295108406	0.001022379635833812	0.0018971220724726414	16.55880573314902	8	0.117287422
MgO2	6	reuse	0.0010704423381316564	0.025647422551324645	0.001131907286357939	3.4068905911341974e-5	0.001200045098180623	0.030300038226018088	0.00109861908605465	0.0010456891434670558	0.048178611913320915	18.38972133196751	8	0.1160775
MgO2	7	rebuild	0.0011899293988408446	0.057002855912779454	0.0011409978286562928	3.203147746259799e-5	0.0012050607835814887	0.013537412097582458	0.0011257579789727965	0.0011429464630581061	0.015268365320398021	18.989199470272915	8	0.376185309
MgO2	8	reuse	0.00028038718588624677	0.0010006270394811796	0.00027909237787234853	2.7794548615765096e-6	0.00028465128759550153	0.003621922417303603	0.0002801069033448146	0.00028261988141314013	0.008971496376267544	5.070331251973743	8	0.127153028
MgO2	9	reuse	0.00021486460004758787	0.0005300584215152185	0.00021539473205598928	1.9855430223243622e-6	0.000219365818100638	0.0029986503124991475	0.00021475076959363788	0.00021416979006325123	0.002705366464977093	3.7433010363964785	8	0.11720561
MgO2	10	reuse	0.00019406826904467913	0.002446827280140766	0.00019375288708624273	1.7474473035766635e-7	0.00019410237654695806	0.0008177426019898195	0.00019359457655348077	0.00019240783474232348	0.006130036451870575	3.2690391697124075	8	0.118965287
MgO2	11	reuse	0.00018211244033802343	0.02290658131426925	0.00018448221514401423	3.2512662215295356e-6	0.0001909847475870733	0.01019195642426709	0.00018638181043423597	0.00018928671557973353	0.015585775987096893	3.0927517259569037	8	0.117374812
MgO2	12	rebuild	0.0001853643541328547	0.008464775991866057	0.00018165708590570128	3.565396240893132e-6	0.00018878787838748755	0.011704416945619973	0.0001838084567212983	0.00019393620750878326	0.055099482189991306	3.022670045097427	8	0.175088952
MgO2	13	reuse	4.291083178133032e-5	0.022174352978754013	4.362387992839744e-5	8.634202627432707e-7	4.535072045388398e-5	0.005925850285628493	4.388392952470592e-5	4.2485599553205555e-5	0.031864283500708974	0.7637227879524616	8	0.117398277
MgO2	14	reuse	3.395360582322978e-5	0.016331130451476397	3.333110661668242e-5	8.007188531453742e-7	3.4932544322973166e-5	0.002302098831717569	3.340801516937384e-5	3.4957676797006145e-5	0.04638592325152351	0.5309962726660595	8	0.320830775
MgO2	15	reuse	2.9384142539170695e-5	0.026968398033044967	3.034147848139912e-5	5.024412619249285e-7	3.134636100524898e-5	0.004732990709039465	3.019854902941642e-5	3.056513126445955e-5	0.012139067830247149	0.4472412091141603	8	0.114061071
MgO2	16	reuse	2.915273302780318e-5	0.0005843034491581778	2.9490502738188143e-5	1.707068620042351e-7	2.9831916462196615e-5	0.012177284116509056	2.9135708932580203e-5	2.9286313457573324e-5	0.005169070206653223	0.41574096526647997	8	0.116757288
MgO2	17	rebuild	2.7600591151520337e-5	0.04036137187050526	2.8644066510568302e-5	7.130699260646744e-7	3.007020636269765e-5	0.004081016259768168	2.8761442424758126e-5	2.9673970184797065e-5	0.031727468551904975	0.403110288492737	8	0.173890027
MgO2	18	reuse	6.686913635037294e-6	0.013775239158295838	6.644834842624123e-6	5.994687920887995e-8	6.764728601041883e-6	0.007395847981679161	6.596051448829247e-6	6.671048198693733e-6	0.011369946163442607	0.10496131168502253	8	0.117596085
MgO2	19	reuse	5.436139496298227e-6	0.009797463668252565	5.354616561224638e-6	4.042868290081429e-8	5.435473927026266e-6	0.005345939683364786	5.3833958708418335e-6	5.558785818248217e-6	0.03257979751337828	0.07385653867548335	8	0.117258983
MgO2	20	reuse	4.921367792367866e-6	0.02119416339620401	4.959558028465112e-6	4.347049828178543e-8	5.046499025028683e-6	0.013598546167344835	5.0279305745087745e-6	4.958792015191499e-6	0.013750897768517846	0.06254755563227136	8	0.116876885
MgO2	21	reuse	4.890192907117639e-6	0.004776953264866277	4.917149672704742e-6	2.3016693753574043e-8	4.9631830602118905e-6	0.0007091277317899657	4.913665256406691e-6	4.925396421536692e-6	0.0023874571257585992	0.05823912640211412	8	0.320837395
MgO2	22	rebuild	4.801415476347487e-6	0.015028761817673831	4.873532642794021e-6	3.820914829656716e-8	4.949950939387155e-6	0.00023451310519211535	4.874675818156942e-6	4.925825551785969e-6	0.010492950821161732	0.05647997698600645	8	0.170412674
MgO2	23	reuse	1.0761328740128628e-6	0.0005150601833192202	1.0808377623815027e-6	4.764975577643199e-9	1.090367713536789e-6	0.0038547208925425874	1.0766874328393986e-6	1.0760217113224773e-6	0.0006183052728363557	0.01544234024433488	8	0.118552093
MgO2	24	reuse	9.283532951261903e-7	0.0047568537343067865	9.438629658388843e-7	8.339526581502122e-9	9.605420190018885e-7	0.011870322103474069	9.327904428274799e-7	9.276020768355447e-7	0.005562198918128055	0.011140910097973914	8	0.117210369
MgO2	25	reuse	9.085220806309595e-7	0.017959471821973164	8.97696408068107e-7	5.634396423886463e-9	9.0896520091588e-7	0.00582977661792752	8.924933710817195e-7	8.860816074149444e-7	0.007184102285268516	0.009574360818405216	8	0.116887442
MgO2	26	reuse	8.530466550757089e-7	0.030867093117172822	8.619883385029549e-7	4.542878038029666e-9	8.710740945790143e-7	0.020708587013536756	8.802163759143165e-7	8.997599436113288e-7	0.022203140309348984	0.008973938437632127	8	0.118589218
MgO2	27	rebuild	8.596633848571053e-7	0.019182627788590798	8.671942572603742e-7	8.755584508791053e-9	8.847054262779563e-7	0.010590415288739592	8.764765074652553e-7	8.692203820207021e-7	0.008278744932408601	0.008726718042745158	8	0.379263241
MgO2	28	reuse	1.8922366616498718e-7	0.0033993108912216473	1.920362833213805e-7	1.4294985411422905e-9	1.948952804036651e-7	0.018313820126367706	1.8858261522715046e-7	1.9272383944990303e-7	0.02195973482372383	0.002480832888253595	8	0.124138086
Si16	3	reuse	0.0025715909056142545	0.00012064643443961014	0.0025719922630191233	4.0300314629810507e-7	0.0025727982693117195	0.00027673884646842314	0.0025712806897670907	0.0025711139619204798	6.484233606794742e-5	40.09772421709558	32	14.284987148
Si16	5	reuse	0.0008805838406094447	0.0003140682627199647	0.0008806595576125004	3.983002044757668e-8	0.0008807392176533956	0.00022811026615285608	0.0008808604909335308	0.0008811377526451739	0.0003147623426147876	21.177731566074065	32	13.220457774
Si16	7	reuse	0.0008732436541116099	0.0005721374690958045	0.000873419448908267	2.537402630505497e-7	0.000873926929434368	0.000370940223585066	0.0008737435555381143	0.0008730888016553589	0.0007493661940111576	21.544463204963797	32	13.21694472
Si16	9	rebuild	0.0008709545921326152	0.00027700379541199837	0.0008708600979633388	1.1699751781385089e-7	0.0008710940929989665	0.00016847879838716287	0.0008707134012157624	0.0008701573547267049	0.0006386102341839207	21.49759137332168	32	21.406158329
Si16	11	reuse	0.00019279605968176654	4.5137855468135713e-5	0.0001926964036724034	2.1324082872036717e-7	0.00019312288532984413	0.0005620131031732876	0.00019280476247526872	0.00019253908408266307	0.0013779659236359961	4.845898070118615	32	13.897992634
Si16	13	reuse	0.00017885996578353622	0.00046002266829729227	0.00017901661515565137	7.831353041483624e-8	0.00017917324221648106	0.0004153957584427684	0.00017894228329016658	0.00017882303874096946	0.0006663855350708227	4.40933569048787	32	13.632439442
Si16	15	reuse	4.204356108096181e-5	0.0003627395681630849	4.2017186585654175e-5	1.3322675174840691e-8	4.2043831936003855e-5	0.0002648015273656563	4.2028315747856814e-5	4.188447984140547e-5	0.0034223571392741404	1.0359419855805718	32	13.926741062
Si16	17	reuse	3.54252143534328e-5	0.0017227160362668517	3.5405422963863814e-5	1.651320486458746e-8	3.5438449373592985e-5	0.0011630727179405948	3.536429172097386e-5	3.5380553839619894e-5	0.00045984573293157607	0.83305813792196	32	13.153102937
Si16	19	rebuild	3.300367103043563e-5	0.003943680222539471	3.2889231389548475e-5	5.910694212538922e-8	3.3007445273799255e-5	0.00046252341032765174	3.287402638275472e-5	3.292601884231816e-5	0.0015815665217908746	0.7528830359874179	32	21.293581276
Si16	21	reuse	7.131235465674438e-6	0.00844606413775339	7.171202787498008e-6	2.3059602945982117e-8	7.217321993389972e-6	0.002888856631313828	7.191979384836164e-6	7.155849002112506e-6	0.0050237049900110735	0.1592809625808681	32	13.027320798
Si16	23	reuse	6.366469071111038e-6	0.00020199068929800364	6.359848418142017e-6	4.44437447775168e-9	6.36873716709752e-6	0.0008381447775224059	6.365183363335969e-6	6.370063520594183e-6	0.0007666954712292421	0.13212436564854396	32	12.972708049
Si16	25	reuse	1.5633590700756925e-6	0.006507178320917219	1.5617568825554244e-6	9.412438757448974e-10	1.5636393703069142e-6	0.0054756729738519834	1.553251783741603e-6	1.5446390227365967e-6	0.005544987036331791	0.03270579416861186	32	13.044539762
Si16	27	reuse	1.2857049025835555e-6	0.018348950230657596	1.3003679337515066e-6	8.040313993895454e-9	1.3164485617392974e-6	0.007153550796544995	1.3097372053803196e-6	1.315219593690039e-6	0.004185868956915961	0.024419583709203566	32	13.160574718
Si16	29	rebuild	1.1994585245166893e-6	0.020531072787826374	1.2201088837629807e-6	1.242658956111533e-8	1.2449620628852114e-6	0.0036681427205603047	1.2246008946201733e-6	1.2032091812851055e-6	0.017468314312887034	0.021223391271623884	32	21.298303957
