system	functional	call	action	probe_defect	probe_stderr	defect_score	full_defect	replicate_defect	energy_defect_Ha	ace_rank	operator_memory_MiB	exx_call_time_s	probes_used
Si2	PBE0	1	rebuild	NaN	NaN	NaN	NaN	NaN	NaN	4	0.18193817138671875	0.040451058	0
Si2	PBE0	2	rebuild	0.006904682732289549	0.0	0.006904682732289549	NaN	NaN	NaN	4	0.18193817138671875	0.449053707	1
Si2	PBE0	3	reuse	0.0016671580161082026	0.0	0.0016671580161082026	NaN	NaN	NaN	4	0.18193817138671875	0.026606834	1
Si2	PBE0	4	reuse	0.0023141894318775415	0.0	0.0023141894318775415	NaN	NaN	NaN	4	0.18193817138671875	0.012632705	1
Si2	PBE0	5	reuse	0.0022576437430875153	0.0	0.0022576437430875153	NaN	NaN	NaN	4	0.18193817138671875	0.00922971	1
Si2	PBE0	6	reuse	0.002232988572826707	0.0	0.002232988572826707	NaN	NaN	NaN	4	0.18193817138671875	0.010600648	1
Si2	PBE0	7	rebuild	NaN	NaN	NaN	NaN	NaN	NaN	4	0.18193817138671875	0.031921833	0
Si2	PBE0	8	reuse	0.00043432970171254073	0.0	0.00043432970171254073	NaN	NaN	NaN	4	0.18193817138671875	0.009026376	1
Si2	PBE0	9	reuse	0.0004327357422269358	0.0	0.0004327357422269358	NaN	NaN	NaN	4	0.18193817138671875	0.00930244	1
Si2	PBE0	10	reuse	0.00043368377555544715	0.0	0.00043368377555544715	NaN	NaN	NaN	4	0.18193817138671875	0.019788055	1
Si2	PBE0	11	reuse	0.00043501874093297	0.0	0.00043501874093297	NaN	NaN	NaN	4	0.18193817138671875	0.009193642	1
Si2	PBE0	12	rebuild	NaN	NaN	NaN	NaN	NaN	NaN	4	0.18193817138671875	0.030340773	0
Si2	PBE0	13	reuse	8.83757283002284e-5	0.0	8.83757283002284e-5	NaN	NaN	NaN	4	0.18193817138671875	0.009131474	1
Si2	PBE0	14	reuse	8.908071387090639e-5	0.0	8.908071387090639e-5	NaN	NaN	NaN	4	0.18193817138671875	0.010012687	1
Si2	PBE0	15	reuse	8.975589912120214e-5	0.0	8.975589912120214e-5	NaN	NaN	NaN	4	0.18193817138671875	0.010044825	1
Si2	PBE0	16	reuse	9.031218924400511e-5	0.0	9.031218924400511e-5	NaN	NaN	NaN	4	0.18193817138671875	0.010287234	1
Si2	PBE0	17	rebuild	NaN	NaN	NaN	NaN	NaN	NaN	4	0.18193817138671875	0.237752539	0
Si2	PBE0	18	reuse	1.9127555280366825e-5	0.0	1.9127555280366825e-5	NaN	NaN	NaN	4	0.18193817138671875	0.01972917	1
Si2	PBE0	19	reuse	1.943897574407544e-5	0.0	1.943897574407544e-5	NaN	NaN	NaN	4	0.18193817138671875	0.012457712	1
Si2	PBE0	20	reuse	1.9690095306860338e-5	0.0	1.9690095306860338e-5	NaN	NaN	NaN	4	0.18193817138671875	0.009260178	1
Si2	PBE0	21	reuse	1.9882590899913002e-5	0.0	1.9882590899913002e-5	NaN	NaN	NaN	4	0.18193817138671875	0.009189497	1
Si2	PBE0	22	rebuild	NaN	NaN	NaN	NaN	NaN	NaN	4	0.18193817138671875	0.037035218	0
Si2	PBE0	23	reuse	4.458171444570285e-6	0.0	4.458171444570285e-6	NaN	NaN	NaN	4	0.18193817138671875	0.00917477	1
Si2	PBE0	24	reuse	4.553865564676845e-6	0.0	4.553865564676845e-6	NaN	NaN	NaN	4	0.18193817138671875	0.010300764	1
Si2	PBE0	25	reuse	4.629538727546061e-6	0.0	4.629538727546061e-6	NaN	NaN	NaN	4	0.18193817138671875	0.009351275	1
Si2	PBE0	26	reuse	4.68754347705457e-6	0.0	4.68754347705457e-6	NaN	NaN	NaN	4	0.18193817138671875	0.009602713	1
Si2	PBE0	27	rebuild	NaN	NaN	NaN	NaN	NaN	NaN	4	0.18193817138671875	0.03452983	0
Si2	PBE0	28	reuse	1.091832188048875e-6	0.0	1.091832188048875e-6	NaN	NaN	NaN	4	0.18193817138671875	0.009260258	1
Si2	PBE0	29	reuse	1.115635158523368e-6	0.0	1.115635158523368e-6	NaN	NaN	NaN	4	0.18193817138671875	0.009276501	1
C2	PBE0	1	rebuild	NaN	NaN	NaN	NaN	NaN	NaN	4	0.07622528076171875	0.00650734	0
C2	PBE0	2	rebuild	0.011379943239197514	0.0	0.011379943239197514	NaN	NaN	NaN	6	0.11446380615234375	0.011202042	1
C2	PBE0	3	reuse	0.001921284819249353	0.0	0.001921284819249353	NaN	NaN	NaN	6	0.11446380615234375	0.00204196	1
C2	PBE0	4	reuse	0.002258754516822186	0.0	0.002258754516822186	NaN	NaN	NaN	6	0.11446380615234375	0.002080469	1
C2	PBE0	5	reuse	0.002172477878575691	0.0	0.002172477878575691	NaN	NaN	NaN	6	0.11446380615234375	0.002134383	1
C2	PBE0	6	reuse	0.0021466104790496088	0.0	0.0021466104790496088	NaN	NaN	NaN	6	0.11446380615234375	0.002097827	1
C2	PBE0	7	rebuild	NaN	NaN	NaN	NaN	NaN	NaN	6	0.11446380615234375	0.011469208	0
C2	PBE0	8	reuse	0.00026661340042731074	0.0	0.00026661340042731074	NaN	NaN	NaN	6	0.11446380615234375	0.005142941	1
C2	PBE0	9	reuse	0.0002762478069849078	0.0	0.0002762478069849078	NaN	NaN	NaN	6	0.11446380615234375	0.002120566	1
C2	PBE0	10	reuse	0.0002883935616258573	0.0	0.0002883935616258573	NaN	NaN	NaN	6	0.11446380615234375	0.002103128	1
C2	PBE0	11	reuse	0.00029823624364153545	0.0	0.00029823624364153545	NaN	NaN	NaN	6	0.11446380615234375	0.00207226	1
C2	PBE0	12	rebuild	NaN	NaN	NaN	NaN	NaN	NaN	6	0.11446380615234375	0.011752153	0
C2	PBE0	13	reuse	3.599153358935092e-5	0.0	3.599153358935092e-5	NaN	NaN	NaN	6	0.11446380615234375	0.002127369	1
C2	PBE0	14	reuse	3.8727850447304515e-5	0.0	3.8727850447304515e-5	NaN	NaN	NaN	6	0.11446380615234375	0.002109567	1
C2	PBE0	15	reuse	4.0718391169297005e-5	0.0	4.0718391169297005e-5	NaN	NaN	NaN	6	0.11446380615234375	0.003522099	1
C2	PBE0	16	reuse	4.2075186832337815e-5	0.0	4.2075186832337815e-5	NaN	NaN	NaN	6	0.11446380615234375	0.00208898	1
C2	PBE0	17	rebuild	NaN	NaN	NaN	NaN	NaN	NaN	6	0.11446380615234375	0.01120043	0
C2	PBE0	18	reuse	4.883851571053075e-6	0.0	4.883851571053075e-6	NaN	NaN	NaN	6	0.11446380615234375	0.002090719	1
C2	PBE0	19	reuse	5.121442359824393e-6	0.0	5.121442359824393e-6	NaN	NaN	NaN	6	0.11446380615234375	0.002034845	1
C2	PBE0	20	reuse	5.289335930643578e-6	0.0	5.289335930643578e-6	NaN	NaN	NaN	6	0.11446380615234375	0.002069691	1
C2	PBE0	21	reuse	5.404293773720578e-6	0.0	5.404293773720578e-6	NaN	NaN	NaN	6	0.11446380615234375	0.003134883	1
C2	PBE0	22	rebuild	NaN	NaN	NaN	NaN	NaN	NaN	6	0.11446380615234375	0.010975435	0
C2	PBE0	23	reuse	6.048444021737055e-7	0.0	6.048444021737055e-7	NaN	NaN	NaN	6	0.11446380615234375	0.001873866	1
C2	PBE0	24	reuse	6.222407696886538e-7	0.0	6.222407696886538e-7	NaN	NaN	NaN	6	0.11446380615234375	0.001696173	1
C2	PBE0	25	reuse	6.370592438026545e-7	0.0	6.370592438026545e-7	NaN	NaN	NaN	6	0.11446380615234375	0.001726477	1
C2	PBE0	26	reuse	6.486643254789665e-7	0.0	6.486643254789665e-7	NaN	NaN	NaN	6	0.11446380615234375	0.001739086	1
C2	PBE0	27	rebuild	NaN	NaN	NaN	NaN	NaN	NaN	6	0.11446380615234375	0.010022271	0
MgO2	PBE0	1	rebuild	NaN	NaN	NaN	NaN	NaN	NaN	8	0.24388885498046875	0.061711155	0
MgO2	PBE0	2	rebuild	0.004111521203255233	0.0	0.004111521203255233	NaN	NaN	NaN	8	0.24388885498046875	0.092392387	1
MgO2	PBE0	3	reuse	0.000560028500834021	0.0	0.000560028500834021	NaN	NaN	NaN	8	0.24388885498046875	0.009522982	1
MgO2	PBE0	4	reuse	0.0008478854167043842	0.0	0.0008478854167043842	NaN	NaN	NaN	8	0.24388885498046875	0.009491356	1
MgO2	PBE0	5	reuse	0.0010218624987263112	0.0	0.0010218624987263112	NaN	NaN	NaN	8	0.24388885498046875	0.009501423	1
MgO2	PBE0	6	reuse	0.0011122849737195165	0.0	0.0011122849737195165	NaN	NaN	NaN	8	0.24388885498046875	0.010613318	1
MgO2	PBE0	7	rebuild	NaN	NaN	NaN	NaN	NaN	NaN	8	0.24388885498046875	0.0640949	0
MgO2	PBE0	8	reuse	0.0002829459953038308	0.0	0.0002829459953038308	NaN	NaN	NaN	8	0.24388885498046875	0.012443958	1
MgO2	PBE0	9	reuse	0.00021985518484540493	0.0	0.00021985518484540493	NaN	NaN	NaN	8	0.24388885498046875	0.011567459	1
MgO2	PBE0	10	reuse	0.0001884964123397191	0.0	0.0001884964123397191	NaN	NaN	NaN	8	0.24388885498046875	0.010136553	1
MgO2	PBE0	11	reuse	0.0001896003990873495	0.0	0.0001896003990873495	NaN	NaN	NaN	8	0.24388885498046875	0.010230936	1
MgO2	PBE0	12	rebuild	NaN	NaN	NaN	NaN	NaN	NaN	8	0.24388885498046875	0.268167541	0
MgO2	PBE0	13	reuse	4.3981738398841926e-5	0.0	4.3981738398841926e-5	NaN	NaN	NaN	8	0.24388885498046875	0.016661006	1
MgO2	PBE0	14	reuse	3.2897041960945454e-5	0.0	3.2897041960945454e-5	NaN	NaN	NaN	8	0.24388885498046875	0.009452673	1
MgO2	PBE0	15	reuse	2.9059779901811054e-5	0.0	2.9059779901811054e-5	NaN	NaN	NaN	8	0.24388885498046875	0.009577029	1
MgO2	PBE0	16	reuse	3.0114949276563816e-5	0.0	3.0114949276563816e-5	NaN	NaN	NaN	8	0.24388885498046875	0.009443574	1
MgO2	PBE0	17	rebuild	NaN	NaN	NaN	NaN	NaN	NaN	8	0.24388885498046875	0.060080036	0
MgO2	PBE0	18	reuse	6.381286677949175e-6	0.0	6.381286677949175e-6	NaN	NaN	NaN	8	0.24388885498046875	0.011062612	1
MgO2	PBE0	19	reuse	5.487629054899771e-6	0.0	5.487629054899771e-6	NaN	NaN	NaN	8	0.24388885498046875	0.01048674	1
MgO2	PBE0	20	reuse	5.084123693951544e-6	0.0	5.084123693951544e-6	NaN	NaN	NaN	8	0.24388885498046875	0.009648598	1
MgO2	PBE0	21	reuse	5.030952780798128e-6	0.0	5.030952780798128e-6	NaN	NaN	NaN	8	0.24388885498046875	0.01027337	1
MgO2	PBE0	22	rebuild	NaN	NaN	NaN	NaN	NaN	NaN	8	0.24388885498046875	0.061926341	0
MgO2	PBE0	23	reuse	1.0714221852508917e-6	0.0	1.0714221852508917e-6	NaN	NaN	NaN	8	0.24388885498046875	0.009481796	1
MgO2	PBE0	24	reuse	9.345918368085995e-7	0.0	9.345918368085995e-7	NaN	NaN	NaN	8	0.24388885498046875	0.010016097	1
MgO2	PBE0	25	reuse	9.114865953820929e-7	0.0	9.114865953820929e-7	NaN	NaN	NaN	8	0.24388885498046875	0.044517535	1
MgO2	PBE0	26	reuse	8.96431254563638e-7	0.0	8.96431254563638e-7	NaN	NaN	NaN	8	0.24388885498046875	0.009461304	1
MgO2	PBE0	27	rebuild	NaN	NaN	NaN	NaN	NaN	NaN	8	0.24388885498046875	0.078666608	0
MgO2	PBE0	28	reuse	1.8628038705154132e-7	0.0	1.8628038705154132e-7	NaN	NaN	NaN	8	0.24388885498046875	0.009496133	1
LiF2	PBE0	1	rebuild	NaN	NaN	NaN	NaN	NaN	NaN	5	0.16139984130859375	0.023406061	0
LiF2	PBE0	2	rebuild	0.005905771192533288	0.0	0.005905771192533288	NaN	NaN	NaN	5	0.16139984130859375	0.02819999	1
LiF2	PBE0	3	reuse	0.0006287325360212919	0.0	0.0006287325360212919	NaN	NaN	NaN	5	0.16139984130859375	0.006181702	1
LiF2	PBE0	4	reuse	0.000985178456325064	0.0	0.000985178456325064	NaN	NaN	NaN	5	0.16139984130859375	0.00620797	1
LiF2	PBE0	5	reuse	0.0013240165803475447	0.0	0.0013240165803475447	NaN	NaN	NaN	5	0.16139984130859375	0.006173799	1
LiF2	PBE0	6	reuse	0.0013018114218587323	0.0	0.0013018114218587323	NaN	NaN	NaN	5	0.16139984130859375	0.006225279	1
LiF2	PBE0	7	rebuild	NaN	NaN	NaN	NaN	NaN	NaN	5	0.16139984130859375	0.024998175	0
LiF2	PBE0	8	reuse	0.0002973834789863254	0.0	0.0002973834789863254	NaN	NaN	NaN	5	0.16139984130859375	0.007435203	1
LiF2	PBE0	9	reuse	0.0002413115560905049	0.0	0.0002413115560905049	NaN	NaN	NaN	5	0.16139984130859375	0.006037723	1
LiF2	PBE0	10	reuse	0.0002167294789994366	0.0	0.0002167294789994366	NaN	NaN	NaN	5	0.16139984130859375	0.00688611	1
LiF2	PBE0	11	reuse	0.00019874974501666876	0.0	0.00019874974501666876	NaN	NaN	NaN	5	0.16139984130859375	0.006535747	1
LiF2	PBE0	12	rebuild	NaN	NaN	NaN	NaN	NaN	NaN	5	0.16139984130859375	0.025447329	0
LiF2	PBE0	13	reuse	3.791688756985831e-5	0.0	3.791688756985831e-5	NaN	NaN	NaN	5	0.16139984130859375	0.006311105	1
LiF2	PBE0	14	reuse	2.5228460046742075e-5	0.0	2.5228460046742075e-5	NaN	NaN	NaN	5	0.16139984130859375	0.006282828	1
LiF2	PBE0	15	reuse	2.3720605591008357e-5	0.0	2.3720605591008357e-5	NaN	NaN	NaN	5	0.16139984130859375	0.006335109	1
LiF2	PBE0	16	reuse	2.2810111076285184e-5	0.0	2.2810111076285184e-5	NaN	NaN	NaN	5	0.16139984130859375	0.006389914	1
LiF2	PBE0	17	rebuild	NaN	NaN	NaN	NaN	NaN	NaN	5	0.16139984130859375	0.025437422	0
LiF2	PBE0	18	reuse	3.6485203958989847e-6	0.0	3.6485203958989847e-6	NaN	NaN	NaN	5	0.16139984130859375	0.006339755	1
LiF2	PBE0	19	reuse	2.6865989097974e-6	0.0	2.6865989097974e-6	NaN	NaN	NaN	5	0.16139984130859375	0.006394381	1
LiF2	PBE0	20	reuse	2.6843516735523836e-6	0.0	2.6843516735523836e-6	NaN	NaN	NaN	5	0.16139984130859375	0.005874353	1
LiF2	PBE0	21	reuse	2.4869738923874484e-6	0.0	2.4869738923874484e-6	NaN	NaN	NaN	5	0.16139984130859375	0.006138001	1
LiF2	PBE0	22	rebuild	NaN	NaN	NaN	NaN	NaN	NaN	5	0.16139984130859375	0.02353658	0
LiF2	PBE0	23	reuse	3.653516581461251e-7	0.0	3.653516581461251e-7	NaN	NaN	NaN	5	0.16139984130859375	0.006169335	1
LiF2	PBE0	24	reuse	3.1240469975416485e-7	0.0	3.1240469975416485e-7	NaN	NaN	NaN	5	0.16139984130859375	0.011444885	1
LiF2	PBE0	25	reuse	3.250350161466272e-7	0.0	3.250350161466272e-7	NaN	NaN	NaN	5	0.16139984130859375	0.00621921	1
LiF2	PBE0	26	reuse	2.84292288120127e-7	0.0	2.84292288120127e-7	NaN	NaN	NaN	5	0.16139984130859375	0.006180974	1
Si8	PBE0	1	rebuild	NaN	NaN	NaN	NaN	NaN	NaN	16	2.5057296752929688	1.482143122	0
Si8	PBE0	2	rebuild	0.008678532920595883	0.0	0.008678532920595883	NaN	NaN	NaN	16	2.5057296752929688	1.569158846	1
Si8	PBE0	3	reuse	0.002763219313005996	0.0	0.002763219313005996	NaN	NaN	NaN	16	2.5057296752929688	0.142189673	1
Si8	PBE0	4	rebuild	0.004246353336903687	0.0	0.004246353336903687	NaN	NaN	NaN	16	2.5057296752929688	1.519631191	1
Si8	PBE0	5	reuse	0.0008726775448006155	0.0	0.0008726775448006155	NaN	NaN	NaN	16	2.5057296752929688	0.324840667	1
Si8	PBE0	6	reuse	0.0008715023547596759	0.0	0.0008715023547596759	NaN	NaN	NaN	16	2.5057296752929688	0.105989421	1
Si8	PBE0	7	reuse	0.0009275962031701476	0.0	0.0009275962031701476	NaN	NaN	NaN	16	2.5057296752929688	0.327833916	1
Si8	PBE0	8	reuse	0.000872135032858578	0.0	0.000872135032858578	NaN	NaN	NaN	16	2.5057296752929688	0.156485329	1
Si8	PBE0	9	rebuild	NaN	NaN	NaN	NaN	NaN	NaN	16	2.5057296752929688	1.452221789	0
Si8	PBE0	10	reuse	0.00020558732496943588	0.0	0.00020558732496943588	NaN	NaN	NaN	16	2.5057296752929688	0.309837545	1
Si8	PBE0	11	reuse	0.00019063750528202836	0.0	0.00019063750528202836	NaN	NaN	NaN	16	2.5057296752929688	0.106531339	1
Si8	PBE0	12	reuse	0.00017990610904965325	0.0	0.00017990610904965325	NaN	NaN	NaN	16	2.5057296752929688	0.316888304	1
Si8	PBE0	13	reuse	0.00018773443378515138	0.0	0.00018773443378515138	NaN	NaN	NaN	16	2.5057296752929688	0.137376033	1
Si8	PBE0	14	rebuild	NaN	NaN	NaN	NaN	NaN	NaN	16	2.5057296752929688	1.473161675	0
Si8	PBE0	15	reuse	4.4880112584379974e-5	0.0	4.4880112584379974e-5	NaN	NaN	NaN	16	2.5057296752929688	0.325552492	1
Si8	PBE0	16	reuse	4.19441049785186e-5	0.0	4.19441049785186e-5	NaN	NaN	NaN	16	2.5057296752929688	0.125460173	1
Si8	PBE0	17	reuse	3.953105216727073e-5	0.0	3.953105216727073e-5	NaN	NaN	NaN	16	2.5057296752929688	0.321350786	1
Si8	PBE0	18	reuse	3.7189057666145025e-5	0.0	3.7189057666145025e-5	NaN	NaN	NaN	16	2.5057296752929688	0.104349217	1
Si8	PBE0	19	rebuild	NaN	NaN	NaN	NaN	NaN	NaN	16	2.5057296752929688	1.600670511	0
Si8	PBE0	20	reuse	8.63519431071042e-6	0.0	8.63519431071042e-6	NaN	NaN	NaN	16	2.5057296752929688	0.309726568	1
Si8	PBE0	21	reuse	7.77024369668873e-6	0.0	7.77024369668873e-6	NaN	NaN	NaN	16	2.5057296752929688	0.107878673	1
Si8	PBE0	22	reuse	6.954065630902121e-6	0.0	6.954065630902121e-6	NaN	NaN	NaN	16	2.5057296752929688	0.28799988	1
Si8	PBE0	23	reuse	6.78019754928134e-6	0.0	6.78019754928134e-6	NaN	NaN	NaN	16	2.5057296752929688	0.13928003	1
Si8	PBE0	24	rebuild	NaN	NaN	NaN	NaN	NaN	NaN	16	2.5057296752929688	1.487507682	0
Si8	PBE0	25	reuse	1.602410816101827e-6	0.0	1.602410816101827e-6	NaN	NaN	NaN	16	2.5057296752929688	0.327116974	1
Si8	PBE0	26	reuse	1.5783877596787959e-6	0.0	1.5783877596787959e-6	NaN	NaN	NaN	16	2.5057296752929688	0.12746127	1
Si8	PBE0	27	reuse	1.6080815690381155e-6	0.0	1.6080815690381155e-6	NaN	NaN	NaN	16	2.5057296752929688	0.136131803	1
Si8	PBE0	28	reuse	1.7675284039776755e-6	0.0	1.7675284039776755e-6	NaN	NaN	NaN	16	2.5057296752929688	0.308321967	1
Si8	PBE0	29	rebuild	NaN	NaN	NaN	NaN	NaN	NaN	16	2.5057296752929688	1.434785511	0
Si8	PBE0	30	reuse	4.713975114582945e-7	0.0	4.713975114582945e-7	NaN	NaN	NaN	16	2.5057296752929688	0.311736668	1
