smiles,D
c1ccc(CC2CCN(/C3=N/CCCCCOc4ccccc4Oc4ncccc43)CC2)cc1,-5.350313437623431
c1ccc2c(c1)OCCCCC/N=C(/N1CCOCC1)c1cccnc1O2,-5.736049470147775
c1ccc2c(c1)OCCCCCN=C(NC1CC1)c1cccnc1O2,-6.898279329285474
c1ccc2c(c1)OCCOCCN=C(NCC1CC1)c1cccnc1O2,-7.470444103899132
CC(=O)N1CC(C(=O)N2CCC3(CCCCc4ccccc4OCCN(CC(C)C)C3)CC2)C1,-6.167373303257806
CC(=O)N1CC(C(=O)N2CCCCC3(CO)CCN(CC3)Cc3ccccc3OCC2)C1,-7.047057139794739
CC(=O)N1CCC(C(=O)N2CCCCNC(=O)c3cc(Cl)ccc3OCC(Cc3ccccc3)NC(=O)C2)CC1,-6.856802460253907
CC(=O)N1CCCCCCCN(C(C)C)Cc2cc(C(=O)N3C4CCC3CC(O)C4)ccc21,-5.922896136668942
CC(=O)N1CCCCCCCN(C(C)C)Cc2cc(C(=O)N3CC(O)C3)ccc21,-6.578476293946816
CC(=O)N1CCCCCCCN(C(C)C)Cc2cc(C(=O)NC(CO)CC(C)C)ccc21,-5.4773598351224395
CC(=O)N1CCCCCCCN(C2CCOCC2)Cc2cc(C(=O)N(C)Cc3ccccc3)ccc21,-5.432181356403086
CC(=O)N1CCCCCCCN(C2CCOCC2)Cc2cc(C(=O)N3CCC(CCO)CC3)ccc21,-6.084244138602645
CC(=O)N1CCCCCCCN(C2CCOCC2)Cc2cc(C(=O)N3CCN(C)CC3)ccc21,-6.1644468137802955
CC(=O)N1CCCCCCCN(C2CCOCC2)Cc2cc(C(=O)N3CCOCC3)ccc21,-5.597933722197491
CC(=O)N1CCCCCCCN(C2CCOCC2)Cc2cc(C(=O)NC(CO)CC(C)C)ccc21,-5.8518223566845275
CC(=O)N1CCCCCCCN(C2CCOCC2)Cc2cc(C(=O)Nc3cccc(Cl)c3)ccc21,-5.661183986872279
CC(=O)N1CCCCCCCN(C2CCOCC2)Cc2cc(C(=O)Nc3ccncc3)ccc21,-5.949669304651005
CC(=O)N1CCCCCCCN(C2CCOCC2)Cc2cc(C(=O)NCCCCCO)ccc21,-6.743511620789598
CC(=O)N1CCCCCCCN(CC(C)C)Cc2cc(C(=O)N3CCC(CO)CC3)ccc21,-5.2673731302460105
CC(=O)N1CCCCCCCN(CC(C)C)Cc2cc(C(=O)N3CCN(C)CC3)ccc21,-5.0623014928155685
CC(=O)N1CCCCCCCN(CC(C)C)Cc2cc(C(=O)NC(C)CO)ccc21,-5.6972976449831485
CC(=O)N1CCCCCCCN(CC(C)C)Cc2cc(C(=O)NC(CO)c3ccccc3)ccc21,-5.725823341349219
CC(=O)N1CCCCCCCN(CC(C)C)Cc2cc(C(=O)NC(CO)Cc3cnc[nH]3)ccc21,-6.0872958128719095
CC(=O)N1CCCCCCCN(CC(C)C)Cc2cc(C(=O)NC3CCOCC3)ccc21,-5.347212733720238
CC(=O)N1CCCCCCCN(CCC(C)C)Cc2cc(C(=O)N(C)CCO)ccc21,-5.487217864515514
CC(=O)N1CCCCCCCN(CCC(C)C)Cc2cc(C(=O)N3CCC(Cc4ccccc4)CC3)ccc21,-6.249298299516717
CC(=O)N1CCCCCCCN(CCC(C)C)Cc2cc(C(=O)N3CCN(C(C)C)CC3)ccc21,-5.228140031016565
CC(=O)N1CCCCCCCN(CCC(C)C)Cc2cc(C(=O)N3CCN(c4ncccn4)CC3)ccc21,-5.207418079615066
CC(=O)N1CCCCCCCN(CCC(C)C)Cc2cc(C(=O)NC(CO)C(C)C)ccc21,-5.561802453921787
CC(=O)N1CCCCCCCN(CCC(C)C)Cc2cc(C(=O)NC(CO)c3ccccc3)ccc21,-5.813944253978113
CC(=O)N1CCCCCCCN(CCC(C)C)Cc2cc(C(=O)Nc3ccc(C)nc3)ccc21,-5.6471804307562685
CC(=O)N1CCCCCCCN(CCC(C)C)Cc2cc(C(=O)Nc3cccc(Cl)c3)ccc21,-6.246088072128364
CC(=O)N1CCCCCCCN(CCC(C)C)Cc2cc(C(=O)NC3CCOCC3)ccc21,-5.443105059051068
CC(=O)N1CCCCCCCN(CCC(C)C)Cc2cc(C(=O)Nc3cnccc3C)ccc21,-5.658962711120706
CC(=O)NCC(=O)N1CCCCNC(=O)c2cc(Cl)ccc2OCC(Cc2ccccc2)NC(=O)C1,-6.945369661420148
CC(C)C(=O)N1CCCCCCOc2ccccc2Oc2ncccc2C1,-5.357703836799005
CC(C)C(NC(=O)CCc1ccc2c(c1)CN(C(C)C)CC(=O)NCCCCCO2)c1ccc2c(c1)OCCCO2,-5.468629513724932
CC(C)c1cc(C(=O)N2CCC3(CCCCCOc4ccccc4C(=O)NC3)CC2)on1,-5.577113294754238
CC(C)c1ccccc1OCCNC(=O)C1CC(=O)NC(Cc2ccccc2)C(=O)N(C)CCOc2ccccc2C(=O)N1,-5.967453164411394
CC(C)C1COc2ccc(Cl)cc2C(=O)NCCCCN(C(=O)c2c(F)cccc2F)CC(=O)N1,-5.727019658546981
CC(C)C1COc2ccc(Cl)cc2C(=O)NCCCCN(C(=O)c2cc(F)cc(F)c2)CC(=O)N1,-6.030643642576569
CC(C)C1COc2ccc(Cl)cc2C(=O)NCCCCN(C(=O)c2ccc(F)c(Cl)c2)CC(=O)N1,-5.862653359424821
CC(C)C1COc2ccc(Cl)cc2C(=O)NCCCCN(C(=O)c2ccc3c(c2)OCO3)CC(=O)N1,-6.591466725539784
CC(C)C1COc2ccc(Cl)cc2C(=O)NCCCCN(C(=O)c2cccc3cccnc23)CC(=O)N1,-6.597712604882431
CC(C)C1COc2ccc(Cl)cc2C(=O)NCCCCN(C(=O)CC2CC2)CC(=O)N1,-6.361192735090413
CC(C)C1COc2ccccc2C(=O)NC(C(=O)NCc2ccc(CN3CCOCC3)cc2)CCC(=O)NC(C)(C)C(=O)N1,-6.910418790753196
CC(C)C1COc2ccccc2C(=O)NC/C=C/CC2(CCN(CC(=O)N(Cc3ccccc3)C(C)C)CC2)C(=O)N1,-6.015865843823496
CC(C)C1NC(=O)C(CC(N)=O)NC(=O)c2ccccc2OCCCNC(=O)C(CCCCNC(=O)c2noc3c2CCCC3)NC1=O,-7.254903387836076
CC(C)C1NC(=O)CC(C(=O)N(C)CCOc2ccc(Cl)cc2)NC(=O)c2ccccc2OCC2CCCN2C1=O,-5.767415427819244
CC(C)C1NC(=O)CC(C(=O)N2CCCC2CO)NC(=O)c2ccccc2OCCN(C)C1=O,-6.8801780052135575
CC(C)C1NC(=O)CC(C(=O)NCC(C)(C)c2ccc(F)cc2)NC(=O)c2ccccc2OCCN(C)C1=O,-5.898524091181852
CC(C)C1NC(=O)CC(C(=O)NCC2(c3cccc(F)c3)CCOCC2)NC(=O)c2ccccc2OCCN(C)C1=O,-6.461670442101308
CC(C)C1NC(=O)CC(C(=O)NCc2ccc(CN3CCCC3=O)cc2)NC(=O)c2ccccc2OCC2CCCN2C1=O,-6.778371435164246
CC(C)C1NC(=O)CC(C(=O)NCc2ccc(CN3CCCC3=O)cc2)NC(=O)c2ccccc2OCCN(C)C1=O,-6.775887087030264
CC(C)C1NC(=O)CC(C(=O)NCc2cccc(CN3CCCC3=O)c2)NC(=O)c2ccccc2OCCN(C)C1=O,-6.75011350722454
CC(C)C1NC(=O)CC(C(=O)NCCc2ccc3c(c2)OCCO3)NC(=O)c2ccccc2OCCN(C)C1=O,-6.839831239159974
CC(C)C1NC(=O)CC(C(=O)NCCc2cnccn2)NC(=O)c2ccccc2OCCN(C)C1=O,-7.081500931635334
CC(C)C1NC(=O)CC(C(=O)NCCCn2ccc(C(F)(F)F)n2)NC(=O)c2ccccc2OCCN(C)C1=O,-7.006736812468627
CC(C)C1NC(=O)CC(C(=O)NCCCN2CCCC2=O)NC(=O)c2ccccc2OCC2CCCN2C1=O,-6.919992239882544
CC(C)C1NC(=O)CC(C(=O)NCCN2CCCCCC2)NC(=O)c2ccccc2OCCN(C)C1=O,-6.7523115375585325
CC(C)C1NC(=O)CC(C(=O)NCCOc2ccc(Cl)cc2)NC(=O)c2ccccc2OCCN(C)C1=O,-6.376968695596474
CC(C)C1NC(=O)CC(C(=O)NCCOc2ccc(F)cc2)NC(=O)c2ccccc2OCCN(C)C1=O,-6.397365046790291
CC(C)C1NC(=O)CC(C(=O)NCCOc2ccc(F)cc2)NC(=O)c2ccccc2OCCN(C)C1=O,-6.397365046790291
CC(C)C1NC(=O)CC(C(=O)NCCOCc2ccccc2Cl)NC(=O)c2ccccc2OCC2CCCN2C1=O,-6.053100553287624
CC(C)C1NC(=O)CCC(C(=O)N2CCC(c3ccccc3)CC2)NC(=O)c2ccccc2OCC2CCCN2C(=O)C(CCCCN)NC1=O,-6.9311740840667815
CC(C)C1NC(=O)CCC(C(=O)NCC(C)(C)c2ccc(F)cc2)NC(=O)c2ccccc2OCCN(C)C1=O,-6.535271703383439
CC(C)C1NC(=O)CCC(C(=O)NCC2CC2)NC(=O)c2ccccc2OCC(Cc2ccccc2)N(C)C1=O,-6.936281971077598
CC(C)c1nc2ccccc2n1CC(=O)N1CCCC2NC(=O)COc3ccccc3C/C=C/CC21,-5.697386681976552
CC(C)c1nccn1CCCNC(=O)Cc1ccc2c(c1)CN(Cc1ccccc1)CC(=O)NCCCCCO2,-5.547464163792601
CC(C)c1nnsc1CNC(=O)CN1CCCC(C)(C)COc2ccccc2Oc2ncccc2C1,-5.792663238543667
CC(C)Cc1cc(C(=O)N2CCC(N3CCCC(C)(C)COc4ccccc4Oc4ncccc4C3)CC2)n(C)n1,-6.350196948167707
CC(C)Cc1cc(C(=O)N2CCCC3(CCCCCOc4ccccc4C(=O)NC3)C2)n(C)n1,-5.385747531213443
CC(C)Cc1cc(C(=O)N2CCCCOc3ccc(Cl)cc3C(=O)N(C)C(C(C)C)C(=O)N(C)CCCC2)on1,-5.402150437067835
CC(C)CC1COc2ccc(Cl)cc2C(=O)NCCCCN(C(=O)c2cc(C(C)(C)C)n[nH]2)CC(=O)N1,-6.75541261714524
CC(C)CC1COc2ccc(Cl)cc2C(=O)NCCCCN(C(=O)c2cccc3cccnc23)CC(=O)N1,-6.203146876800417
CC(C)CC1COc2ccc(Cl)cc2C(=O)NCCCCN(C(=O)c2cccc3ncccc23)CC(=O)N1,-6.636149818582233
CC(C)CC1COc2ccc(Cl)cc2C(=O)NCCCCN(C(=O)c2cccc3ncccc23)CC(=O)N1,-6.636149818582233
CC(C)CC1COc2ccc(Cl)cc2C(=O)NCCCCN(C(=O)c2ccccn2)CC(=O)N1,-6.34897886480621
CC(C)CC1COc2ccc(Cl)cc2C(=O)NCCCCN(C(=O)C2CCN(C(C)C)CC2)CC(=O)N1,-6.687096542013481
CC(C)CC1COc2ccc(Cl)cc2C(=O)NCCCCN(C(=O)c2ccnn2C(C)C)CC(=O)N1,-6.095222197959417
CC(C)CC1COc2ccc(Cl)cc2C(=O)NCCCCN(C(=O)c2cnc(N(C)C)nc2)CC(=O)N1,-6.644460125808326
CC(C)CC1COc2ccc(Cl)cc2C(=O)NCCCCN(C(=O)Cc2cccc(Cl)c2)CC(=O)N1,-5.547510138062929
CC(C)CC1COc2ccc(Cl)cc2C(=O)NCCCCN(C(=O)Cc2cccnc2)CC(=O)N1,-6.462406593951832
CC(C)CC1COc2ccc(Cl)cc2C(=O)NCCCCN(C(=O)CCCCN)CC(=O)N1,-6.758345954041845
CC(C)CC1COc2ccc(Cl)cc2C(=O)NCCCCN(C(=O)CCN2CCCC2=O)CC(=O)N1,-6.73161978171967
CC(C)CC1COc2ccc(Cl)cc2C(=O)NCCCCN(C(=O)CN(C)C2CCCC2)CC(=O)N1,-6.343716055305289
CC(C)CC1COc2ccc(Cl)cc2C(=O)NCCCCN(C(=O)CN2CCC(C)CC2)CC(=O)N1,-6.180309369336903
CC(C)CC1COc2ccc(Cl)cc2C(=O)NCCCCN(C(=O)CN2CCCCCC2=O)CC(=O)N1,-6.558212676435413
CC(C)CC1COc2ccc(Cl)cc2C(=O)NCCCCN(C(=O)Cn2ccnc2)CC(=O)N1,-6.878383834659772
CC(C)CC1COc2ccccc2C(=O)NC(C(=O)N2CC(C)OC(C)C2)CC(=O)NC(C(C)C)C(=O)N1,-6.52512040604532
CC(C)CC1COc2ccccc2C(=O)NC(C(=O)NCC(C)(C)c2ccc(F)cc2)CC(=O)N2CCCC2C(=O)N1,-6.061419231212069
CC(C)CC1COc2ccccc2C(=O)NC(C(=O)NCCOc2ccc(F)cc2)CC(=O)N2CCCC2C(=O)N1,-6.489071529860823
CC(C)CC1COc2ccccc2CCCCC2(CCN(CC(C)C)CC2)C(=O)N1,-6.11085005697922
CC(C)CC1COc2ccccc2CCCCCC2(CCN(C(=O)c3ccc4[nH]cnc4c3)CC2)C(=O)N1,-5.988130444694762
CC(C)CC1COc2ccccc2CCCCCC2(CCN(C(=O)CN3CCCCC3)CC2)C(=O)N1,-5.373917351200656
CC(C)CC1NC(=O)C2(CCCCOCC(C)NC1=O)CCN(Cc1cscn1)CC2,-6.331267476744171
CC(C)CC1NC(=O)CC(C(=O)N2CC(C)OC(C)C2)NC(=O)c2ccccc2OCCN(C)C1=O,-6.636058292685533
CC(C)CC1NC(=O)CC(C(=O)N2CCCN(C)CC2)NC(=O)c2ccccc2OCCN(C)C1=O,-6.999319598882064
CC(C)CC1NC(=O)CC(C(=O)NC(C)COc2cccc(F)c2Oc2ccccc2)NC(=O)c2ccccc2OCCN(C)C1=O,-5.7644742485292335
CC(C)CC1NC(=O)CC(C(=O)NCC(C)(C)c2ccc(F)cc2)NC(=O)c2ccccc2OCCN(C)C1=O,-5.684083822579199
CC(C)CC1NC(=O)CC(C(=O)NCC2CC2)NC(=O)c2ccccc2OCC(Cc2ccccc2)NC1=O,-6.87799871209495
CC(C)CC1NC(=O)CC(C(=O)NCc2ccc(CN3CCCCC3)cc2)NC(=O)c2ccccc2OCCN(C)C1=O,-6.6747142950732385
CC(C)CC1NC(=O)CC(C(=O)NCc2ccc(CN3CCOCC3)cc2)NC(=O)c2ccccc2OCCCNC1=O,-7.046583872484865
CC(C)CC1NC(=O)CC(C(=O)NCCc2ccccn2)NC(=O)c2ccccc2OCCN(C)C1=O,-7.033287024023775
CC(C)CC1NC(=O)CC(C(=O)NCCCc2ccccc2)NC(=O)c2ccccc2OCCN(C)C1=O,-6.165126486897168
CC(C)CC1NC(=O)CC(C(=O)NCCCn2ccc(C(F)(F)F)n2)NC(=O)c2ccccc2OCCCNC1=O,-7.2857418388899795
CC(C)CC1NC(=O)CC(C(=O)NCCCN2CCCCCC2)NC(=O)c2ccccc2OCCN(C)C1=O,-7.0019283452204375
CC(C)CC1NC(=O)CC(C(=O)NCCOc2ccc(C(C)C)cc2)NC(=O)c2ccccc2OCCN(C)C1=O,-5.969258171086608
CC(C)CC1NC(=O)CCC(C(=O)N2CCC(O)CC2)NC(=O)c2ccccc2OCCNC1=O,-7.336015431380591
CC(C)CC1NC(=O)CCC(C(=O)N2CCCN(C)CC2)NC(=O)c2ccccc2OCCN(C)C1=O,-6.970798081995115
CC(C)CC1NC(=O)CCC(C(=O)NCC(O)c2ccccc2)NC(=O)c2ccccc2OCCNC1=O,-7.352683945481127
CC(C)CC1NC(=O)CCC(C(=O)NCCCc2ccccc2)NC(=O)c2ccccc2OCCNC1=O,-7.1502084689912575
CC(C)CCOC1CN(C(=O)c2ccccc2F)CCN(C(=O)c2ccc(CN)cc2)CCCCOCC(O)C1O,-6.8528695704012925
CC(C)CCOC1CN(C(=O)c2ccccc2F)CCN(C(=O)c2cccc(CN)c2)CCCCOCC(O)C1O,-6.82771009226368
CC(C)CN1CCOc2ccccc2CCCCC2(CCN(C(=O)c3ccc(N)nc3)CC2)C1,-6.748723055569642
CC(C)CN1CCOc2ccccc2CCCCC2(CCN(C(=O)c3cccnc3)CC2)C1,-6.3167124054858705
CC(C)CN1CCOc2ccccc2CCCCC2(CCN(C(=O)c3ccnc(O)c3)CC2)C1,-6.66630992608671
CC(C)CN1CCOc2ccccc2CCCCC2(CCN(C(=O)c3cnccn3)CC2)C1,-6.244502253304791
CC(C)CN1CCOc2ccccc2CCCCC2(CCN(C(=O)c3cncnc3)CC2)C1,-5.977558604880284
CC(C)CN1CCOc2ccccc2CCCCC2(CCN(C(=O)c3cnn(C)c3)CC2)C1,-6.0865136368555905
CC(C)CN1CCOc2ccccc2CCCCC2(CCN(C(=O)CCc3c[nH]c4ccccc34)CC2)C1,-6.3974024507804
CC(C)CN1CCOCCOc2ccc(C(=O)NCC3CC3)cc2Cc2cccc(c2)C1,-5.534692614808417
CC(C)CN1CCOCCOc2ccc(C(=O)NCc3cccc(CN4CCCCC4)c3)cc2Cc2cccc(c2)C1,-5.632968229407298
CC(C)CN1CCOCCOc2ccc(C(=O)NCCS(=O)(=O)N3CCCC3)cc2Cc2cccc(c2)C1,-5.750749073898927
CC(C)N1CC(=O)NCCCCCOc2ccc(CCC(=O)N3CCC(c4ccc(F)cc4)CC3)cc2C1,-5.572142438306054
CC(C)N1CC(=O)NCCCCCOc2ccc(CCC(=O)N3CCC(Cc4cc(N(C)C)ncn4)CC3)cc2C1,-5.391575368723137
CC(C)N1CC(=O)NCCCCCOc2ccc(CCC(=O)N3CCC(COc4ccc(Cl)cc4)CC3)cc2C1,-5.5212593462704085
CC(C)N1CCC(C(=O)N2CCCCN(C)C(=O)c3cc(Cl)ccc3OCCC2)CC1,-6.416858160889634
CC(C)N1CCN(C(=O)c2cccc3c2CN(Cc2ccccc2)CC(=O)NCCCCCO3)CC1,-5.821328477855886
CC(C)N1CCN(C(=O)CN2CCCCCCOc3ccccc3Oc3ncccc3C2)CC1,-5.208738607175461
CC(C)N1CCOCCOc2ccc(C(=O)N3CCN(CCN(C)C)CC3)cc2Cc2cccc(c2)C1,-6.272183612707703
CC(C)N1CCOCCOc2ccc(C(=O)NC3CCN(C)CC3)cc2Cc2cccc(c2)C1,-6.379879397561211
CC(C)n1nccc1C(=O)N1CCCCNC(=O)c2cc(Cl)ccc2OCC(Cc2ccccc2)NC(=O)C1,-6.615437541031284
CC(C)NC(=O)c1ccc2c(c1)Cc1cccc(c1)C(=O)NCCOCCO2,-6.8994576606348845
CC(C)NC(=O)c1ccc2c(c1)Cc1cccc(c1)CN(C1CCC1)CCCCCO2,-5.755644159677883
CC(C)OCC(O)CNC(=O)CN1CCCC(C)(C)COc2ccccc2Oc2ncccc2C1,-5.197483504705511
CC(O)C1NC(=O)CC(C(=O)NCC2CC2)NC(=O)c2ccccc2OCCN(C)C1=O,-6.94974149050132
CC(O)C1NC(=O)CC(C(=O)NCc2ccc(CN3CCOCC3)cc2)NC(=O)c2ccccc2OCCCNC(=O)C(Cc2ccccc2)NC1=O,-7.046243409298063
CC(O)C1NC(=O)CC(C(=O)NCc2cccc(CN3CCCC3=O)c2)NC(=O)c2ccccc2OCC2CCCN2C1=O,-6.851908712847479
CC(O)C1NC(=O)CC(C(=O)NCCCn2ccc(C(F)(F)F)n2)NC(=O)c2ccccc2OCCN(C)C1=O,-7.143738353549717
CC(O)C1NC(=O)CC(C(=O)NCCN2CCCCCC2)NC(=O)c2ccccc2OCCCNC1=O,-7.085350091024216
CC[C@H](C)[C@H]1NC(=O)[C@@H](NC(=O)[C@@H](CC(C)C)NC)[C@@H](C)OC(=O)[C@H](Cc2ccc(OC)cc2)N(C)C(=O)[C@@H]2CCCN2C(=O)[C@H](CC(C)C)NC(=O)[C@@H](C)C(=O)[C@H](C(C)C)OC(=O)C[C@@H]1O,-5.777055772094743
CC[C@H](C)[C@H]1OC(=O)[C@H](C(C)C)N(C)C(=O)[C@@H]([C@@H](C)CC)OC(=O)[C@H](C(C)C)N(C)C(=O)[C@@H]([C@@H](C)CC)OC(=O)[C@H](C(C)C)N(C)C1=O,-6.151127145480607
CC1(C)CCCN(C2CCN(C(=O)c3ccccc3F)CC2)Cc2cccnc2Oc2ccccc2OC1,-6.15009314704218
CC1(C)CCCN(CC(=O)NCC(C)(C)c2ccc(F)cc2)Cc2cccnc2Oc2ccccc2OC1,-6.769882396505192
CC1(C)CCCN(CC(=O)NCc2cc(F)cc(F)c2)Cc2cccnc2Oc2ccccc2OC1,-6.501277252508762
CC1(C)CCCN(CC(=O)NCC2CC2)Cc2cccnc2Oc2ccccc2OC1,-5.76449798703143
CC1(C)CCCN(CC(=O)NCc2ccc(Oc3cccnc3)cc2)Cc2cccnc2Oc2ccccc2OC1,-6.112574244737952
CC1(C)CCCN(CC(=O)NCCCN2CCCC2)Cc2cccnc2Oc2ccccc2OC1,-5.519382807105637
CC1(C)CCCN(CC(=O)NCCOc2ccccc2)Cc2cccnc2Oc2ccccc2OC1,-6.193563419227389
CC1(C)NC(=O)CC(C(=O)NCc2ccc(CN3CCOCC3)cc2)NC(=O)c2ccccc2OCCCNC(=O)C(Cc2ccccc2)NC1=O,-6.927757242484479
Cc1c(C(=O)N2CCOC3(CCCCc4ccccc4OCCN(C)C3=O)C2)nnn1-c1ccc(F)cc1,-5.619693170590163
Cc1c(C(=O)N2CCOC3(CCCCc4ccccc4OCCNC3=O)C2)oc2ccccc12,-5.617641656827596
Cc1c(NC(=O)CN2CCC3(C/C=C/CNC(=O)c4ccccc4OCC(C(C)C)NC3=O)CC2)cnn1C,-6.909581110432345
Cc1cc(C(=O)N2CCC3(CCCCc4ccccc4OCC(C)NC3=O)CC2)nn1C,-5.277417216900616
Cc1cc(C(=O)N2CCCCC3(CCN(Cc4ccncc4)CC3)C(=O)OCC(O)C(O)CC2)no1,-6.476952097020573
Cc1cc(C(=O)N2CCCCN(C)C(=O)c3ccccc3OCC2Cc2ccccc2)no1,-5.035480601286803
Cc1cc(C(=O)N2CCOC3(CCCCc4ccccc4OCCNC3=O)C2)on1,-5.259719142123191
Cc1cc(CCC(=O)N2CCC3(CCCCc4ccccc4OCCCC(=O)NC3)CC2)nc(C2CCCN(S(C)(=O)=O)C2)n1,-6.462843701723246
Cc1cc(N(C)C)nc(C2CCN(C(=O)CCc3ccc4c(c3)CN(C(C)C)CC(=O)NCCCCCO4)C2)n1,-5.406103097265504
Cc1cc(OCCNC(=O)C2CC(=O)NC(C(C)C)C(=O)N3CCCC3COc3ccccc3C(=O)N2)ccc1Cl,-5.817374479285689
CC1Cc2cc(CNC(=O)c3ccc4c(c3)Cc3cccc(c3)CN(C)CCCCCO4)ccc2O1,-5.707080208949852
Cc1ccc(C(=O)N2CCCCC3(CCN(C)CC3)C(=O)OCC(O)C(O)CC2)cn1,-6.538263365145976
Cc1ccc(C(=O)N2CCCCC3(CO)CCN(CC3)C(=O)c3ccccc3OCC2)cc1,-6.689131619622203
Cc1ccc(C(=O)N2CCCCC3(CO)CCN(CC3)Cc3ccccc3OCC2)cn1,-7.2410854663376405
Cc1ccc(C(=O)N2CCCCNC(=O)c3cc(Cl)ccc3OCC(Cc3ccccc3)NC(=O)C2)c(=O)n1C,-7.370768035071726
Cc1ccc(C)c(NC(=O)CN2CCOC3(CCCCc4ccccc4OCCNC3=O)C2)c1,-5.552325790258371
Cc1ccc(-c2ccc3c(c2)CNCCCCCCCN3C(=O)c2ccncc2)cc1F,-5.820939152331723
Cc1ccc(CC(=O)N2CCCCC3(CCN(Cc4ccncc4)CC3)C(=O)OCC(O)C(O)CC2)cc1,-6.306745862257086
Cc1ccc(Cl)c(OCC(=O)N2CCOC3(CCCCc4ccccc4OCCNC3=O)C2)c1,-5.930122092125291
Cc1ccc(CN(CCCn2ccnc2)C(=O)CCc2ccc3c(c2)CN(C(C)C)CC(=O)NCCCCCO3)s1,-5.5525629874385825
Cc1ccc(CN=C2NCCCCCOc3ccccc3Oc3ncccc32)cc1,-5.6755250476674
Cc1ccc(CN2CCC3(CCCCOCC(C)NC(=O)C(CC(C)C)NC3=O)CC2)c(C)c1,-5.040345702825101
Cc1ccc(CN2CCC3(CCCCOCC(C)NC(=O)C(CC(C)C)NC3=O)CC2)cc1,-4.892464554948773
Cc1ccc(CNc2ccc3c(c2)CNCCCCCCCN3C(=O)c2cccnc2)cc1,-6.5105314880502085
Cc1ccc(NC(=O)CN2CCC3NC(=O)C(Cc4ccccc4)NC(=O)C4(C/C=C/CC3C2)CCOCC4)cc1F,-5.7331216511028185
Cc1ccc(OCCNC(=O)C2CC(=O)NC(CC(C)C)C(=O)N(C)CCOc3ccccc3C(=O)N2)c(C)c1,-5.811905936099061
Cc1ccc(OCCNC(=O)C2CC(=O)NC(CC(C)C)C(=O)N(C)CCOc3ccccc3C(=O)N2)cc1,-6.030473111610366
Cc1ccc(OCCNC(=O)C2CC(=O)NC(Cc3ccccc3)C(=O)N(C)CCOc3ccccc3C(=O)N2)c(C)c1,-5.879904417778085
Cc1ccc(OCCNC(=O)C2CCC(=O)NC(Cc3ccccc3)C(=O)N(C)CCOc3ccccc3C(=O)N2)c(C)c1,-6.4764339590107
Cc1ccc2c(c1)C(NC(=O)CCc1ccc3c(c1)CN(C(C)C)CC(=O)NCCCCCO3)CC(C)(C)O2,-5.921302134988776
Cc1ccc2c(CCNC(=O)CN3CCCC(C)(C)COc4ccccc4Oc4ncccc4C3)c(C)n(C)c2c1,-6.968657437318264
Cc1cccc(C(=O)N2CCCCC3(CCN(Cc4ccncc4)CC3)C(=O)OCC(O)C(O)CC2)c1C,-6.379219885148046
Cc1cccc(C(=O)N2CCCCN(C)C(=O)c3cc(Cl)ccc3OCC2)n1,-5.50545016125336
Cc1cccc(C(=O)N2CCOC3(CCCCc4ccccc4OCCNC3=O)C2)c1,-5.223715606243088
Cc1cccc(CN2CCC3(CCCCOCC(C)NC(=O)C(CC(C)C)NC3=O)CC2)c1,-4.865563642830999
Cc1cccc(OCCNC(=O)C2CC(=O)NC(Cc3ccccc3)C(=O)N(C)CCOc3ccccc3C(=O)N2)c1C,-5.759387869399735
Cc1cccc(OCCNC(=O)C2CC(=O)NC(Cc3ccccc3)C(=O)N(C)CCOc3ccccc3C(=O)N2)c1C,-5.759387869399735
Cc1ccccc1CCNC(=O)C1CC(=O)NC(CC(C)C)C(=O)NCCOc2ccccc2C(=O)N1,-6.573212733078862
Cc1ccccc1CN1CCC2(CCCCOCC(C)NC(=O)C(CC(C)C)NC2=O)CC1,-4.941587147065796
Cc1ccccc1CNC(=O)C1CC(=O)NC(CC(C)C)C(=O)NCCOc2ccccc2C(=O)N1,-6.835073160463431
Cc1ccccc1OCC(=O)N1CCCCC2(CCN(Cc3ccncc3)CC2)C(=O)OCC(O)C(O)CC1,-6.440472100520704
Cc1ccccc1OCC(=O)N1CCCCC2(CO)CCN(CC2)C(=O)c2ccccc2OCC1,-6.483533907867603
CC1CCN(CC(=O)N2CCC3(CCCCCCOc4ccccc4C(=O)NC3)CC2)CC1,-5.195399212556131
CC1CCN(CC(=O)N2CCCCN(C)C(=O)c3cc(Cl)ccc3OCC2)CC1,-5.87524983989033
CC1CCN(CCC(=O)N2CCCCN(C)C(=O)c3cc(Cl)ccc3OCC2)CC1,-6.6070708812777195
Cc1ccnc(C2CCCN2C(=O)CN2CCC3(CCCCc4ccccc4OCCCNC3=O)CC2)n1,-6.737510358376614
Cc1ccncc1NC(=O)CCc1ccc2c(c1)CN(Cc1ccccc1)CC(=O)NCCCCCO2,-5.533624030006255
CC1CN(C(=O)C2CC(=O)NC(C(C)C)C(=O)NCCCOc3ccccc3C(=O)N2)CC(C)O1,-7.097991277828185
CC1CN(C(=O)C2CC(=O)NC(C)C(=O)N3CCCC3COc3ccccc3C(=O)N2)CC(C)O1,-6.957046468637337
CC1CN(C(=O)CN2CCCCCCOc3ccccc3Oc3ncccc3C2)CC(C)O1,-5.730489753267743
Cc1cncc(C(=O)N2CCOC3(CCCCc4ccccc4OCCNC3=O)C2)c1,-5.482902106199176
Cc1cnccc1NC(=O)c1cccc2c1CN(Cc1ccccc1)CC(=O)NCCCCCO2,-5.565973902807361
CC1COc2ccc(Cl)cc2C(=O)NCCCCN(C(=O)CNS(C)(=O)=O)CC(=O)N1,-6.594284398873755
CC1COc2ccccc2C(=O)NC(C(=O)NCc2ccc(CN3CCOCC3)cc2)CC(=O)NC(CC(N)=O)C(=O)NC(C(C)C)C(=O)N1,-6.993335430069079
CC1COc2ccccc2CCCCC2(CCN(C(=O)C3Cc4ccccc4C3)CC2)C(=O)N1,-5.4130782252740595
CC1COc2ccccc2CCCCC2(CCN(C(=O)c3ccc(Cl)cc3)CC2)C(=O)N1,-5.289929826021073
CC1COc2ccccc2CCCCC2(CCN(C(=O)c3cccc4[nH]ccc34)CC2)C(=O)N1,-6.12103966889972
CC1COc2ccccc2CCCCC2(CCN(C(=O)COc3ccc(Cl)cc3)CC2)C(=O)N1,-5.62118068947363
Cc1n[nH]c(C)c1CC(=O)N1CCOC2(CCCCc3ccccc3OCCN(C)C2=O)C1,-6.591221498124408
Cc1n[nH]c(C)c1CCC(=O)N1CCCCNC(=O)c2cc(Cl)ccc2OCC(C(C)C)NC(=O)C1,-6.662086538954984
Cc1n[nH]c(C)c1CCC(=O)N1CCCCNC(=O)c2cc(Cl)ccc2OCC(CC(C)C)NC(=O)C1,-6.679819364457682
CC1NC(=O)CC(C(=O)NCc2ccc(CN3CCCCC3)cc2)NC(=O)c2ccccc2OCC2CCCN2C1=O,-6.915458960810169
CC1NC(=O)CC(C(=O)NCc2cccc(CN3CCCC3=O)c2)NC(=O)c2ccccc2OCC2CCCN2C1=O,-6.834008285535995
CC1NC(=O)CC(C(=O)NCCCN2CCCCCC2)NC(=O)c2ccccc2OCC2CCCN2C1=O,-7.042102343816884
Cc1nc(C)c(C(=O)N2CCOC3(CCCCc4ccccc4OCCNC3=O)C2)s1,-5.184191258367498
Cc1nc(C)n(CC(=O)N2CCCCC3(CCN(Cc4ccncc4)CC3)C(=O)OCC(O)C(O)CC2)n1,-6.448830565677565
Cc1nc(CC(=O)N2CCCCC3(CCN(Cc4ccccn4)CC3)C(=O)OCC(O)C(O)CC2)cs1,-6.4452627697623015
Cc1nc(CC(=O)N2CCCCC3(CCN(Cc4ccncc4)CC3)C(=O)OCC(O)C(O)CC2)cs1,-6.564640245718712
Cc1nc2ccc(NC(=O)CN3CCC4NC(=O)C(Cc5ccccc5)NC(=O)C5(C/C=C/CC4C3)CCOCC5)cc2[nH]1,-7.198781060440168
Cc1nc2ccc(NC(=O)CN3CCOC4(C/C=C/Cc5ccccc5OCCNC4=O)C3)cc2[nH]1,-7.048589365016665
Cc1nc2ccccc2n1CC(=O)N1CCCCNC(=O)c2cc(Cl)ccc2OCC(CC(C)C)NC(=O)C1,-6.8527804864474495
Cc1ncc(C(=O)N2CCC3(CCCCc4ccccc4OCC(=O)N(C)C3)CC2)c(C)n1,-5.588002387558266
Cc1ncc(C(=O)N2CCCCNC(=O)c3cc(Cl)ccc3OCC(C(C)C)NC(=O)C2)cn1,-7.073670278338895
Cc1ncccc1C(=O)N1CCCCC2(CCN(Cc3ccccc3)CC2)C(=O)OCC(O)C(O)CC1,-6.476434710377733
Cc1ncccc1C(=O)N1CCCCC2(CCN(Cc3ccccn3)CC2)C(=O)OCC(O)C(O)CC1,-6.605687191926118
Cc1nccn1CC(=O)N1CCOC2(CCCCc3ccccc3OCCN(C)C2=O)C1,-6.310239284576199
Cc1nccn1CCNC(=O)C1CC(=O)NC(C(C)C)C(=O)NCCOc2ccccc2C(=O)N1,-7.035418558375351
Cc1ncncc1C(=O)N1CCOC2(CCCCc3ccccc3OCCNC2=O)C1,-6.06052058450056
Cc1ncoc1C(=O)N1CCOC2(CCCCc3ccccc3OCCN(C)C2=O)C1,-4.94960357586113
Cc1ncsc1C(=O)N1CCCCNC(=O)c2cc(Cl)ccc2OCC(Cc2ccccc2)NC(=O)C1,-6.858293735972538
Cc1ncsc1C(=O)N1CCCCOc2ccc(Cl)cc2C(=O)N(C)C(C(C)C)C(=O)N(C)CCCC1,-5.634672705521526
Cc1nn(C)c(C)c1CCNC(=O)C1CC(=O)NC(Cc2ccccc2)C(=O)N2CCCC2COc2ccccc2C(=O)N1,-7.116709521194585
Cc1nn(C)cc1NC(=O)CN1CCOC2(CCCCc3ccccc3OCCNC2=O)C1,-5.622750248245005
Cc1nn(Cc2ccccc2)c(C)c1NC(=O)CN1CCOC2(C/C=C/Cc3ccccc3OCCNC2=O)C1,-5.34127045361934
Cc1noc(C)c1C(=O)N1CCCCC2(CO)CCN(CC2)C(=O)c2ccccc2OCC1,-7.041296220911416
Cc1noc(C)c1C(=O)N1CCOC2(CCCCc3ccccc3OCCN(C)C2=O)C1,-4.93097042481121
Cc1noc(C)c1CCC(=O)N1CCCCN(C)C(=O)c2cc(Cl)ccc2OCC1,-5.934147259241639
Cc1noc(C)c1CCC(=O)N1CCCCNC(=O)c2cc(Cl)ccc2OCC(C(C)C)NC(=O)C1,-6.651848787447637
Cc1noc(C)c1CCC(=O)N1CCCCNC(=O)c2cc(Cl)ccc2OCC(CC(C)C)NC(=O)C1,-6.283077859419973
Cc1ocnc1C(=O)N1CCOC2(CCCCc3ccccc3OCCN(C)C2=O)C1,-4.779010762759195
Cc1ocnc1C(=O)N1CCOC2(CCCCc3ccccc3OCCNC2=O)C1,-4.909284281664688
Cc1onc(C(C)C)c1C(=O)N1CCCCNC(=O)c2cc(Cl)ccc2OCC(CC(C)C)NC(=O)C1,-5.94175196238314
Cc1onc(C(C)C)c1C(=O)N1CCCCNC(=O)c2cc(Cl)ccc2OCC(CC(C)C)NC(=O)C1,-5.94175196238314
CCC(=O)N1CCC2(CCCCc3ccccc3OCC(C)NC2=O)CC1,-5.153679933735561
CCC(=O)N1CCCN(C(C)C)CCCN(C(=O)c2c(C)noc2C)Cc2cc(F)c(F)cc21,-5.108026121446992
CCC(=O)N1CCCN(C(C)C)CCCN(C(=O)c2cc(F)cc(F)c2)Cc2cc(F)c(F)cc21,-5.794686787364477
CCC(=O)N1CCCN(C(C)C)CCCN(C(=O)c2cccc(OC)n2)Cc2cc(F)c(F)cc21,-5.33096817846804
CCC(=O)N1CCCN(C(C)C)CCCN(C(=O)C2CCOCC2)Cc2cc(F)c(F)cc21,-5.167710961708714
CCC(=O)N1CCCN(C(C)C)CCCN(C(=O)c2cn(C)nc2C)Cc2cc(F)c(F)cc21,-5.53261752690519
CCC(=O)N1CCCN(C(C)C)CCCN(C(=O)c2cncnc2C)Cc2cc(F)c(F)cc21,-5.434345856983232
CCC(=O)N1CCCN(C)CCCN(C(=O)C(C)C)Cc2cc(F)c(F)cc21,-4.812850267663547
CCC(=O)N1CCCN(C)CCCN(C(=O)c2ccc(=O)n(C)c2)Cc2cc(F)c(F)cc21,-6.526830376530977
CCC(=O)N1CCCN(C)CCCN(C(=O)c2cccc(F)c2)Cc2cc(F)c(F)cc21,-5.294016135629726
CCC(=O)N1CCCN(C)CCCN(C(=O)c2cn(C)nc2C)Cc2cc(F)c(F)cc21,-5.752301632991182
CCC(=O)N1CCCN(C)CCCN(C(=O)c2cnc(C)nc2C)Cc2cc(F)c(F)cc21,-5.601304871272102
CCC(=O)N1CCCN(C)CCCN(C(=O)c2scnc2C)Cc2cc(F)c(F)cc21,-5.028662227225495
CCC(C)C1NC(=O)CC(C(=O)N2CCc3ccccc3CC2)NC(=O)c2ccccc2OCCNC1=O,-6.318052327707804
CCC(C)C1NC(=O)CC(C(=O)N2CCCN(C)CC2)NC(=O)c2ccccc2OCCN(C)C1=O,-6.955291275248385
CCC(C)C1NC(=O)CC(C(=O)NCC(O)c2ccccc2)NC(=O)c2ccccc2OCC(CC(C)C)NC1=O,-7.099614418461097
CCC(C)C1NC(=O)CC(C(=O)NCCCc2cccc(OC)c2)NC(=O)c2ccccc2OCCN(C)C1=O,-6.361038305684924
CCC(C)C1NC(=O)CC(C(=O)NCCCN(C)C)NC(=O)c2ccccc2OCCNC1=O,-7.118794189027483
CCC(C)C1NC(=O)CCC(C(=O)NCCc2ccc(F)cc2)NC(=O)c2ccccc2OCCN(C)C1=O,-6.960706940980071
CCC(CC)C(=O)N1CCCCN(CC)C(=O)c2ccccc2OCC1Cc1ccccc1,-5.2647475720702746
CCC(CC)NC(=O)c1cccc2c1CN(Cc1ccccc1)CC(=O)NCCCCCO2,-5.569723975668773
CCc1cc(C(=O)N2CCC(N3CCCC(C)(C)COc4ccccc4Oc4ncccc4C3)CC2)no1,-6.352148553595114
CCc1cc(C(=O)N2CCCCNC(=O)c3cc(Cl)ccc3OCC(CC(C)C)NC(=O)C2)on1,-6.003687639993138
CCc1cc(C(=O)N2CCOC3(CCCCc4ccccc4OCCN(CC)C3=O)C2)on1,-5.739548257697107
CCC1CCCCN1C(=O)CN1CCOC2(C/C=C/Cc3ccccc3OCCNC2=O)C1,-5.0255683795464785
CCc1nc2ccccc2n1CC(=O)N1CCOC2(C/C=C/Cc3ccccc3OCCNC2=O)C1,-5.98338295557734
CCc1noc(C)c1C(=O)N1CCC2(CCCCCCOc3ccccc3C(=O)NC2)CC1,-5.217736227394938
CCc1noc(C)c1C(=O)N1CCCCNC(=O)c2cc(Cl)ccc2OCC(C)NC(=O)C1,-6.892286237988973
CCc1noc(CCC(=O)N2CCCCNC(=O)c3cc(Cl)ccc3OCC(C(C)C)NC(=O)C2)n1,-6.454310637652106
CCCc1cc(C(=O)N2CCCC3NC(=O)COc4ccccc4C/C=C/CC32)on1,-5.694350032112919
CCCc1nnsc1C(=O)N1CCCCOCC(O)C(O)C(OC)CN(C(C)=O)CCC1,-7.368741973867398
CCCCC(=O)N1CCCCN(C)C(=O)c2ccccc2OCC1Cc1ccccc1,-5.169068212332844
CCCCCC(=O)N1CCCCN(CCC)C(=O)c2ccccc2OC2CCCCC21,-5.502417737829286
CCCCCN1CCC2(CCCCc3ccccc3OCC(CC(C)C)NC2=O)CC1,-6.117634209353956
CCCCN1CCOc2ccccc2C(=O)NC(C(=O)N(C)CCOC)CC(=O)NC(Cc2ccccc2)C1=O,-5.970311575926682
CCCCN1CCOc2ccccc2C(=O)NC(C(=O)N2CCC(OCCC)CC2)CC(=O)NC(Cc2ccccc2)C1=O,-5.799640385851124
CCCCN1CCOc2ccccc2C(=O)NC(C(=O)N2CCC(OCCC)CC2)CCC(=O)NC(CC(C)C)C1=O,-6.089375276901098
CCCCN1CCOc2ccccc2C(=O)NC(C(=O)NC2CCCOC2)CC(=O)NC(Cc2ccccc2)C1=O,-6.235561736979818
CCCCN1CCOc2ccccc2C(=O)NC(C(=O)NCCOCC2CCCO2)CC(=O)NC(Cc2ccccc2)C1=O,-6.29940992545129
CCCCN1CCOc2ccccc2CCCCC2(CCN(C(=O)c3cnc(C)nc3C)CC2)C1,-5.9379962307887615
CCCCN1CCOc2ccccc2CCCCC2(CN(C(=O)C3=NN(c4ccccc4)C(=O)C3)CCO2)C1=O,-5.9213725991283335
CCCCN1CCOc2ccccc2CCCCC2(CN(C(=O)c3c(C(C)C)noc3C)CCO2)C1=O,-5.981202288865875
CCCCN1CCOc2ccccc2CCCCC2(CN(C(=O)c3cc(C)on3)CCO2)C1=O,-5.806951140121207
CCCCN1CCOc2ccccc2CCCCC2(CN(C(=O)c3cc(CC)no3)CCO2)C1=O,-6.038826751582062
CCCCN1CCOc2ccccc2CCCCC2(CN(C(=O)c3cccc(COC)c3)CCO2)C1=O,-5.748379849282523
CCCCN1CCOc2ccccc2CCCCC2(CN(C(=O)c3cccc(F)c3)CCO2)C1=O,-6.035827135895075
CCCCN1CCOc2ccccc2CCCCC2(CN(C(=O)c3ccncn3)CCO2)C1=O,-5.3420607978171155
CCCCN1CCOc2ccccc2CCCCC2(CN(C(=O)c3cnc[nH]3)CCO2)C1=O,-5.582106316529893
CCCCN1CCOc2ccccc2CCCCC2(CN(C(=O)Cc3c(C)nc4ccccn34)CCO2)C1=O,-5.8631236682270025
CCCCN1CCOc2ccccc2CCCCC2(CN(C(=O)Cc3c(C)nn(C)c3C)CCO2)C1=O,-5.731821269570995
CCCCN1CCOc2ccccc2CCCCC2(CN(C(=O)CCc3cccnc3)CCO2)C1=O,-5.680903943374911
CCCCN1CCOc2ccccc2CCCCC2(CN(C(=O)CCc3cnn(C)c3)CCO2)C1=O,-5.256287648883747
CCCCN1CCOc2ccccc2CCCCC2(CN(C(=O)CCCn3cncn3)CCO2)C1=O,-5.283441114245468
CCCCN1CCOc2ccccc2CCCCC2(CN(C(=O)CN3CCC(C(N)=O)CC3)CCO2)C1=O,-6.314848357798021
CCCCN1CCOc2ccccc2CCCCC2(CN(C(=O)Cn3cnc4ccccc43)CCO2)C1=O,-5.89678378425224
CCCCN1CCOc2ccccc2CCCCC2(CN(C(=O)CNC(C)=O)CCO2)C1=O,-5.6482924539650226
CCCN(CC1CC1)C(=O)CN1CCC2(C/C=C/COc3ccc(Cl)cc3C(=O)NC(CC(C)C)C(=O)NC2)CC1,-5.851602253104315
CCCn1cc(Cl)c(C(=O)N2CCCCNC(=O)c3cc(Cl)ccc3OCC(C)NC(=O)C2)n1,-6.6716691923304845
CCCn1ccc(C(=O)N2CCC(N3CCCC(C)(C)COc4ccccc4Oc4ncccc4C3)CC2)n1,-5.889342080796448
CCCN1CCCCN(C(=O)c2cccc(F)c2)C2CCCCC2Oc2ccccc2C1=O,-5.297553571620815
CCCN1CCCCN(C(=O)c2cccc(OC)c2)C2CCCCC2Oc2ccccc2C1=O,-5.06123999903978
CCCN1CCCCN(C(=O)c2ccccc2Br)C2CCCCC2Oc2ccccc2C1=O,-5.2734269883513
CCCN1CCCCN(C(=O)c2ccccc2Cl)C2CCCCC2Oc2ccccc2C1=O,-5.318983498609104
CCCN1CCCCN(S(=O)(=O)c2c(F)cccc2F)C2CCCCC2Oc2ccccc2C1=O,-5.8695333925432704
CCCOC1CCN(C(=O)CCc2ccc3c(c2)CN(C(C)C)CC(=O)NCCCCCO3)CC1,-5.23681954121847
CCN(CC)C(=O)CN1CCCCCCOc2ccccc2Oc2ncccc2C1,-5.782734087564881
CCN(CC)C(CNC(=O)c1ccc2c(c1)Cc1cccc(c1)CN(C)CCCCCO2)c1ccc(C)cc1,-5.866271825654369
CCN(CC)C(CNC(=O)Cc1ccc2c(c1)CN(Cc1ccccc1)CC(=O)NCCCCCO2)c1ccc(C)cc1,-5.81530500315499
CCN(Cc1ccccc1)C1CCN(C(=O)CCc2ccc3c(c2)CN(C(C)C)CC(=O)NCCCCCO3)CC1,-5.786109815282349
CCN(CCO)C(=O)c1ccc2c(c1)Cc1cccc(c1)CN(C(C)C)CCOCCO2,-5.674349721786121
CCN(CCO)C(=O)CCc1ccc2c(c1)CN(C(C)C)CC(=O)NCCCCCO2,-5.686553988660434
CCn1c(=O)n(CC)c2cc(NC(=O)CN3CCOC4(C/C=C/Cc5ccccc5OCCNC4=O)C3)ccc21,-5.654745100123047
CCN1CC(=O)NC(C(C)C)COc2ccccc2C(=O)NC(C(=O)N2CCCC2COC)CCC1=O,-6.610413619286398
CCn1cc(C(=O)N2CCCCOc3ccc(Cl)cc3C(=O)N(C)C(Cc3ccccc3)C(=O)N(C)CCCC2)c(C)n1,-5.637246513292868
CCn1cc(C(=O)N2CCOC3(CCCCc4ccccc4OCCN(C)C3=O)C2)cn1,-5.161307905774864
CCN1CCCC1CNC(=O)C1CC(=O)NC(C)C(=O)N2CCCC2COc2ccccc2C(=O)N1,-6.948442001217847
CCN1CCCC1CNC(=O)C1CC(=O)NC(CC(C)C)C(=O)NCCCOc2ccccc2C(=O)N1,-7.196665304796283
CCN1CCCC1CNC(=O)c1ccc2c(c1)Cc1cccc(c1)CN(CC(C)C)CCOCCO2,-5.5367590619907645
CCN1CCCCN(C(=O)c2ccc(C(F)(F)F)cc2)C(Cc2ccccc2)COc2ccccc2C1=O,-5.851037319016422
CCN1CCN(C(=O)C2CC(=O)NC(C)C(=O)N3CCCC3COc3ccccc3C(=O)N2)CC1,-6.9569652270769
CCN1CCN(C(=O)C2CCC(=O)NC(CCC(N)=O)C(=O)N(C)C(Cc3ccccc3)COc3ccccc3C(=O)N2)CC1,-7.073556446233405
CCN1CCN(CC(=O)N2CCCCNC(=O)c3cc(Cl)ccc3OCC(C(C)C)NC(=O)C2)CC1,-6.754626170663949
CCN1CCOc2ccccc2C(=O)NC(C(=O)NCCCc2ccccc2)CC(=O)N(Cc2ccccc2)CC1=O,-6.20218696432545
CCN1CCOc2ccccc2C(=O)NC(C(=O)NCCOc2ccc(C)cc2C)CC(=O)NC(Cc2ccccc2)C1=O,-5.73360053018522
CCN1CCOc2ccccc2C(=O)NC(C(=O)NCCOc2ccc(Cl)cc2)CC(=O)N(Cc2ccccc2)CC1=O,-6.12338689255019
CCN1CCOc2ccccc2C(=O)NC(C(=O)NCCOc2ccc(Cl)cc2)CC(=O)NC(Cc2ccccc2)C1=O,-5.9195793208228995
CCN1CCOc2ccccc2C(=O)NC(C(=O)NCCOc2ccc(Cl)cc2)CC(=O)NC(Cc2ccccc2)C1=O,-5.9195793208228995
CCN1CCOc2ccccc2C(=O)NC(C(=O)NCCOc2cccc(C)c2C)CC(=O)NC(CC(C)C)C1=O,-5.540702893625796
CCN1CCOc2ccccc2C(=O)NC(C(=O)NCCOc2cccc(OC)c2)CC(=O)NC(Cc2ccccc2)C1=O,-6.203426150534474
CCN1CCOc2ccccc2CCCCC2(CN(C(=O)c3c(F)cccc3F)CCO2)C1=O,-5.779189090943023
CCN1CCOc2ccccc2CCCCC2(CN(C(=O)c3cc(F)ccc3F)CCO2)C1=O,-5.7973724783830685
CCN1CCOc2ccccc2CCCCC2(CN(C(=O)c3cc(OC)cc(OC)c3)CCO2)C1=O,-5.457338063874763
CCN1CCOc2ccccc2CCCCC2(CN(C(=O)c3cc[nH]n3)CCO2)C1=O,-5.7390714213938265
CCN1CCOc2ccccc2CCCCC2(CN(C(=O)c3ccc(=O)n(-c4ccc(F)cc4)n3)CCO2)C1=O,-6.050101859199264
CCN1CCOc2ccccc2CCCCC2(CN(C(=O)c3ccc(C)nc3)CCO2)C1=O,-5.283412280535579
CCN1CCOc2ccccc2CCCCC2(CN(C(=O)c3cccc(C)c3)CCO2)C1=O,-5.715529988681435
CCN1CCOc2ccccc2CCCCC2(CN(C(=O)c3cccc4cccnc34)CCO2)C1=O,-5.473329267555543
CCN1CCOc2ccccc2CCCCC2(CN(C(=O)c3ccccc3)CCO2)C1=O,-5.566696717893051
CCN1CCOc2ccccc2CCCCC2(CN(C(=O)c3cccnn3)CCO2)C1=O,-5.293216587185797
CCN1CCOc2ccccc2CCCCC2(CN(C(=O)C3CCN(C(C)=O)CC3)CCO2)C1=O,-5.608578667676253
CCN1CCOc2ccccc2CCCCC2(CN(C(=O)C3CCN(C)CC3)CCO2)C1=O,-5.637881136673066
CCN1CCOc2ccccc2CCCCC2(CN(C(=O)c3ccn(C)n3)CCO2)C1=O,-5.1076022565195345
CCN1CCOc2ccccc2CCCCC2(CN(C(=O)c3cnc(C4CC4)nc3)CCO2)C1=O,-5.525886452301021
CCN1CCOc2ccccc2CCCCC2(CN(C(=O)c3n[nH]c4ccccc34)CCO2)C1=O,-5.565735954260116
CCN1CCOc2ccccc2CCCCC2(CN(C(=O)c3nc(C)n(-c4ccccc4)n3)CCO2)C1=O,-5.823318778685489
CCN1CCOc2ccccc2CCCCC2(CN(C(=O)c3nnn(-c4ccc(F)cc4)c3C)CCO2)C1=O,-5.870251323743246
CCN1CCOc2ccccc2CCCCC2(CN(C(=O)c3nnn(-c4ccccc4)c3C)CCO2)C1=O,-5.731228065298487
CCN1CCOc2ccccc2CCCCC2(CN(C(=O)c3sc(C)nc3C)CCO2)C1=O,-5.145649041124844
CCN1CCOc2ccccc2CCCCC2(CN(C(=O)Cc3c(C)nc4ccccn34)CCO2)C1=O,-5.622514788601057
CCN1CCOc2ccccc2CCCCC2(CN(C(=O)CC3CC3)CCO2)C1=O,-5.547262515665135
CCN1CCOc2ccccc2CCCCC2(CN(C(=O)Cc3cccc(F)c3)CCO2)C1=O,-5.978895509893975
CCN1CCOc2ccccc2CCCCC2(CN(C(=O)CCc3cccnc3)CCO2)C1=O,-5.384818700679409
CCN1CCOc2ccccc2CCCCC2(CN(C(=O)CCN3CCCC3)CCO2)C1=O,-5.639208520457637
CCN1CCOc2ccccc2CCCCC2(CN(C(=O)CCN3CCCC3=O)CCO2)C1=O,-5.856814063567875
CCN1CCOc2ccccc2CCCCC2(CN(C(=O)CCN3CCCCC3)CCO2)C1=O,-5.4786773572147025
CCN1CCOc2ccccc2CCCCC2(CN(C(=O)CCn3ccnc3)CCO2)C1=O,-5.8870710739393814
CCN1CCOc2ccccc2CCCCC2(CN(C(=O)CN(C)C)CCO2)C1=O,-5.352059708528866
CCN1CCOc2ccccc2CCCCC2(CN(C(=O)CN3Cc4ccccc4C3=O)CCO2)C1=O,-5.509733375985084
CCN1CCOc2ccccc2CCCCC2(CN(C(=O)Cn3ccc(C(F)(F)F)n3)CCO2)C1=O,-5.927108347216052
CCN1CCOc2ccccc2CCCCC2(CN(C(=O)Cn3ccnc3C)CCO2)C1=O,-6.012127135388457
CCN1CCOc2ccccc2CCCCC2(CN(C(=O)COc3ccc(F)cc3)CCO2)C1=O,-6.10265588879021
CCn1nc(C(=O)N2CCC3(CCCCCCOc4ccccc4C(=O)NC3)CC2)cc1C,-5.295490975194512
CCn1nc(C(=O)N2CCCCNC(=O)c3cc(Cl)ccc3OCC(CC(C)C)NC(=O)C2)cc1C,-6.298146548745838
CCn1nc(C(C)C)cc1C(=O)N1CCC2(CCCCCOc3ccccc3C(=O)NC2)CC1,-5.475421683860967
CCn1nc(C(C)C)cc1C(=O)N1CCCCNC(=O)c2cc(Cl)ccc2OCC(Cc2ccccc2)NC(=O)C1,-6.374834672341601
CCOC(=O)c1cccc(NC(=O)CN2CCC3(C/C=C/CNC(=O)c4ccccc4OCC(C(C)C)NC3=O)CC2)c1,-7.0321530233293075
CCOc1ccc(CCCNC(=O)C2CC(=O)NC(C(C)C)C(=O)N(C)CCOc3ccccc3C(=O)N2)cc1OC,-6.664577931154899
CCOc1ccc(CCCNC(=O)C2CC(=O)NC(C(C)C)C(=O)NCCCOc3ccccc3C(=O)N2)cc1OC,-7.144979611888138
CCOc1ccc(CCCNC(=O)C2CC(=O)NC(C)C(=O)N(C)C(Cc3ccccc3)COc3ccccc3C(=O)N2)cc1OC,-6.784733494634361
CCOc1ccc(CCCNC(=O)C2CC(=O)NC(CC(C)C)C(=O)N(C)CCOc3ccccc3C(=O)N2)cc1OC,-6.3839323652577775
CCOc1ccc(CCCNC(=O)C2CC(=O)NC(CC(C)C)C(=O)N(CC)CCOc3ccccc3C(=O)N2)cc1OC,-6.165085014958982
CCOc1ccc(CCCNC(=O)C2CC(=O)NC(Cc3ccccc3)C(=O)N(C)CCOc3ccccc3C(=O)N2)cc1OC,-6.404047893023033
CCOc1ccc(CCCNC(=O)C2CC(=O)NC(Cc3ccccc3)C(=O)N(C)CCOc3ccccc3C(=O)N2)cc1OC,-6.404047893023033
CCOc1ccc(CCCNC(=O)C2CC(=O)NC(Cc3ccccc3)C(=O)N(CC)CCOc3ccccc3C(=O)N2)cc1OC,-6.205261663885237
CCOc1ccc(CNC(=O)CN2CCCCCCOc3ccccc3Oc3ncccc3C2)cc1,-5.951483609493252
CCOc1cccc(C(=O)N2CCC3(CCCCc4ccccc4OCC(=O)N(C)C3)CC2)c1,-5.684465610952813
CCOc1cccc(C(=O)N2CCCN(C)CCCN(C(=O)CC)c3cc(F)c(F)cc3C2)c1,-5.327565237175847
CCOc1cccc2c1OCCCCCNC(=O)CN(C(=O)Cc1ccccc1F)C2,-5.549460921682644
CCOc1cccc2c1OCCCCCNC(=O)CN(C(=O)CCc1c(C)nn(C)c1C)C2,-6.568506029103197
CCOc1cccc2c1OCCCCCNC(=O)CN(C(=O)CCc1ccc(OC)c(OC)c1)C2,-5.682439925432002
CCOc1cccc2c1OCCCCCNC(=O)CN(C(=O)CCc1ccccc1)C2,-5.513188819048703
CCOc1cccc2c1OCCCCCNC(=O)CN(C(=O)CCC1CCCO1)C2,-6.071794330265015
CCOc1cccc2c1OCCCCCNC(=O)CN(C(=O)CCCc1ccncc1)C2,-6.248000101645332
CCOc1cccc2c1OCCCCCNC(=O)CN(C(=O)CCCn1cncn1)C2,-6.730338184363669
CCOc1cccc2c1OCCCCCNC(=O)CN(C(=O)CCCOc1ccccc1F)C2,-5.813904337604488
CCOc1cccc2c1OCCCCCNC(=O)CN(C(=O)CCn1ccnc1C)C2,-6.911696959997109
CCOc1cccc2c1OCCCCCNC(=O)CN(C(=O)CN1CCCCC1)C2,-6.204235613501205
CCOc1cccc2c1OCCCCCNC(=O)CN(C(=O)Cn1ccnc1)C2,-6.995432589378899
CCOCC(=O)N1CCOC2(CCCCc3ccccc3OCCNC2=O)C1,-5.470878683977603
CN(C)c1ccc(NC(=O)CN2CCC3NC(=O)C(Cc4ccccc4)NC(=O)C4(C/C=C/CC3C2)CCOCC4)cc1,-6.275743812771869
CN(C)CC(=O)N1CCCCOc2ccc(Cl)cc2C(=O)N(C)C(Cc2ccccc2)C(=O)N(C)CCCC1,-5.925721511515
CN(C)CCCCNC(=O)C1CCC(=O)NC(CO)C(=O)N(C)C(Cc2ccccc2)COc2ccccc2C(=O)N1,-7.08938098731419
CN(C)CCCNC(=O)C1CC(=O)NC(CO)C(=O)NCCOc2ccccc2C(=O)N1,-7.2218332827734555
CN(C)CCCNC(=O)C1CCC(=O)NC(Cc2ccc(O)cc2)C(=O)N(C)C(Cc2ccccc2)COc2ccccc2C(=O)N1,-7.121229463502125
CN(C)CCN1CCN(C(=O)c2ccc3c(c2)Cc2cccc(c2)CN(C2CCC2)CCCCCO3)CC1,-5.677164201810202
CN(C)CCN1CCN(C(=O)CCc2ccc3c(c2)CN(Cc2ccccc2)CC(=O)NCCCCCO3)CC1,-6.015503778834498
CN(C)CCNC(=O)CN1CCCC(C)(C)COc2ccccc2Oc2ncccc2C1,-5.050697004675301
CN(Cc1ccccc1)/C1=N/CCOCCOc2ccccc2Oc2ncccc21,-5.539358275359907
CN(Cc1ccccc1)c1ccc2c(c1)CN1CCCC(C1)C(=O)NCCOCCO2,-5.497972039976689
CN(CCc1ccccc1)/C1=N/CCCCCOc2ccccc2Oc2ncccc21,-5.065496117597878
CN(CCc1ccccc1)C(=O)c1cccc2c1CN(Cc1ccccc1)CC(=O)NCCCCCO2,-5.716460744593491
CN1C(=O)C(CCC(N)=O)NC(=O)CCC(C(=O)NCc2cccc(CN3CCOCC3)c2)NC(=O)c2ccccc2OCC1Cc1ccccc1,-7.00450741256101
CN1C(=O)C(CO)NC(=O)CCC(C(=O)NCCCc2ccccc2)NC(=O)c2ccccc2OCC1Cc1ccccc1,-7.169412377223576
CN1C(=O)C(CO)NC(=O)CCC(C(=O)NCCCN2CCCCCC2)NC(=O)c2ccccc2OCC1Cc1ccccc1,-7.206307222246507
CN1C(=O)C2(CC2)NC(=O)CCC(C(=O)NCc2ccc(CN3CCOCC3)cc2)NC(=O)c2ccccc2OCC1Cc1ccccc1,-6.880307709947619
CN1C(=O)C2(CC2)NC(=O)CCC(C(=O)NCCc2ccc(F)cc2)NC(=O)c2ccccc2OCC1Cc1ccccc1,-6.95387494839129
Cn1c(C(=O)N2CCOC3(CCCCc4ccccc4OCCNC3=O)C2)cc(=O)n(C)c1=O,-6.890719637725289
CN1CC(=O)N(C)C(Cc2ccccc2)COc2ccccc2C(=O)NC(C(=O)NCCOc2ccc(F)cc2)CCC1=O,-7.047552948115601
CN1CC2(CCCCc3ccccc3OCC1=O)CCN(C(=O)Cc1ccc3c(c1)OCO3)CC2,-5.385931146532119
CN1CC2(CCN(C(=O)c3cc[nH]n3)CC2)CC(O)C(O)Cc2ccccc2OCC1=O,-7.052382547561592
CN1CC2(CCN(C(=O)c3ccc(F)cc3)CC2)CC(O)C(O)Cc2ccccc2OCC1=O,-6.899403468287634
CN1CC2(CCN(C(=O)c3cn(C)c4ccccc34)CC2)CC(O)C(O)Cc2ccccc2OCC1=O,-6.881566296688236
CN1CC2(CCN(C(=O)Cc3noc4ccccc34)CC2)CC(O)C(O)Cc2ccccc2OCC1=O,-6.9615248979163065
CN1CCC(C(=O)N2CCCCC3(CCN(Cc4ccccc4)CC3)C(=O)OCC(O)C(O)CC2)CC1,-6.306473010363139
CN1CCC(C(=O)N2CCCCCCOc3ccccc3Oc3ncccc3C2)C1,-5.020211226522483
CN1CCC(CNC(=O)Cc2ccc3c(c2)CN(Cc2ccccc2)CC(=O)NCCCCCO3)CC1,-5.995400319902209
CN1CCC(CNC(=O)CN2CCCCCCOc3ccccc3Oc3ncccc3C2)CC1,-5.656323910101015
CN1CCC(NC(=O)c2ccc3c(c2)Cc2cccc(c2)CN(C2CCC2)CCCCCO3)CC1,-5.757545282632764
CN1CCC2(CCCCN(C(=O)c3ccc4[nH]ccc4c3)CCC(O)C(O)COC2=O)CC1,-6.518894884053223
CN1CCC2(CCCCN(C(=O)c3ccc4[nH]cnc4c3)CCC(O)C(O)COC2=O)CC1,-6.755034679527671
CN1CCC2(CCCCN(C(=O)c3cccnc3)CCC(O)C(O)COC2=O)CC1,-6.464286960392428
CN1CCC2(CCCCN(C(=O)c3ccncc3)CCC(O)C(O)COC2=O)CC1,-6.491162772155258
CN1CCC2(CCCCN(C(=O)c3cn(C)cn3)CCC(O)C(O)COC2=O)CC1,-6.324127728914741
CN1CCC2(CCCCN(C(=O)c3cn(C)nn3)CCC(O)C(O)COC2=O)CC1,-6.305170750413732
CN1CCC2(CCCCN(C(=O)c3cnc4ccccc4n3)CCC(O)C(O)COC2=O)CC1,-6.43676379897028
CN1CCC2(CCCCN(C(=O)Cc3ccc4c(c3)OCO4)CCC(O)C(O)COC2=O)CC1,-6.1088496713952205
CN1CCC2(CCCCN(C(=O)CCc3c[nH]c4ccccc34)CCC(O)C(O)COC2=O)CC1,-6.294199711642674
CN1CCCC(CNC(=O)c2ccc3c(c2)Cc2cccc(c2)CN(CC2CC2)CCCCCO3)C1,-5.708925002857482
CN1CCCCCOc2ccc(C(=O)NCCCn3cncn3)cc2Cc2cccc(c2)C1,-6.547137197646776
CN1CCCCCOc2ccc(C(=O)NCCn3nccc3NS(C)(=O)=O)cc2Cc2cccc(c2)C1,-7.2098052114683675
CN1CCCCN(C(=O)c2ccc(Cl)cc2)C2CCCCC2Oc2ccccc2C1=O,-5.078770518968859
CN1CCCCN(C(=O)c2ccc(F)cc2)CCCCOc2ccc(Cl)cc2C(=O)N(C)C(Cc2ccccc2)C1=O,-5.25403702285745
CN1CCCCN(C(=O)c2ccc(F)cc2F)C(Cc2ccccc2)COc2ccccc2C1=O,-5.225134938568314
CN1CCCCN(C(=O)c2ccccc2Cl)C(Cc2ccccc2)COc2ccccc2C1=O,-5.188047461822314
CN1CCCCN(C(=O)c2cccnc2Cl)C(Cc2ccccc2)COc2ccccc2C1=O,-5.236357732255848
CN1CCCCN(C(=O)Cc2cccs2)C2CCCCC2Oc2ccccc2C1=O,-5.007118186369079
CN1CCCCN(C(=O)CCCn2cccn2)CCCOc2ccc(Cl)cc2C1=O,-6.028520643284883
CN1CCCCN(C(=O)CCCn2cncn2)CCCOc2ccc(Cl)cc2C1=O,-6.462213492624366
CN1CCCCN(C(=O)CCN2CCCC2)CCCOc2ccc(Cl)cc2C1=O,-6.65126084274436
CN1CCCCN(C(=O)CCN2CCCC2=O)CCOc2ccc(Cl)cc2C1=O,-6.5495760411148245
CN1CCCCN(S(=O)(=O)c2ccc(Cl)cc2)C2CCCCC2Oc2ccccc2C1=O,-5.498850528919516
CN1CCCCN(S(=O)(=O)c2ccc(Cl)cc2Cl)C2CCCCC2Oc2ccccc2C1=O,-5.778541623882605
CN1CCCCN(S(=O)(=O)c2ccc(F)cc2)C(Cc2ccccc2)COc2ccccc2C1=O,-5.534277249720518
CN1CCCCN(S(=O)(=O)c2ccc3c(c2)n(C)c(=O)n3C)C2CCCCC2Oc2ccccc2C1=O,-5.569313541427029
CN1CCCCN(S(=O)(=O)c2cccc(Cl)c2)C2CCCCC2Oc2ccccc2C1=O,-5.486396949071585
CN1CCCCN(S(=O)(=O)Cc2ccccc2Cl)C2CCCCC2Oc2ccccc2C1=O,-5.440783334919279
CN1CCCN(C(=O)C2CCC(=O)N3CCCC3C(=O)N(C)CCOc3ccccc3C(=O)N2)CC1,-6.782923592333323
CN1CCCN(C(=O)c2ccc3c(c2)Cc2cccc(c2)CN(C2CCOCC2)CCOCCO3)CC1,-6.250635368891947
CN1CCN(C(=O)CN2CCCC(C)(C)COc3ccccc3Oc3ncccc3C2)CC1,-5.292669498064937
CN1CCN(CC(=O)N2CCCCC3(CO)CCN(CC3)C(=O)c3ccccc3OCC2)CC1,-7.125122483941555
CN1CCOc2ccccc2C(=O)NC(C(=O)N(C)CCOc2ccccc2F)CC(=O)NC(Cc2ccccc2)C1=O,-5.660915091395366
CN1CCOc2ccccc2C(=O)NC(C(=O)N2CCc3ccccc3CC2)CC(=O)NCCCC1=O,-6.917791767605695
CN1CCOc2ccccc2C(=O)NC(C(=O)NC(CO)CO)CC(=O)NCCCC1=O,-7.339552116004647
CN1CCOc2ccccc2C(=O)NC(C(=O)NCC(C)(C)c2ccc(F)cc2)CCC(=O)NC(Cc2ccc(O)cc2)C1=O,-7.059265163504216
CN1CCOc2ccccc2C(=O)NC(C(=O)NCc2ccc(CN3CCOCC3)cc2)CCC(=O)NC(Cc2ccccc2)C1=O,-6.885223012195805
CN1CCOc2ccccc2C(=O)NC(C(=O)NCCC(c2ccccc2)c2ccccc2)CCC(=O)NC(Cc2ccc(O)cc2)C1=O,-7.103425352052177
CN1CCOc2ccccc2C(=O)NC(C(=O)NCCC(c2ccccc2)c2ccccc2)CCC(=O)NC(Cc2ccccc2)C1=O,-6.359377573220145
CN1CCOc2ccccc2C(=O)NC(C(=O)NCCc2ccc(F)cc2)CC(=O)NC(Cc2ccccc2)C1=O,-6.288927204810984
CN1CCOc2ccccc2C(=O)NC(C(=O)NCCc2ccc3c(c2)OCCO3)CCC(=O)N2CCCC2C1=O,-6.909810042575195
CN1CCOc2ccccc2C(=O)NC(C(=O)NCCc2ccccn2)CC(=O)NC(Cc2ccccc2)C1=O,-6.994860141620676
CN1CCOc2ccccc2C(=O)NC(C(=O)NCCc2ccccn2)CCC(=O)N2CCCC2C1=O,-6.96776152605236
CN1CCOc2ccccc2C(=O)NC(C(=O)NCCCCN2CCCC2)CC(=O)NC(Cc2ccccc2)C1=O,-7.012862707888201
CN1CCOc2ccccc2C(=O)NC(C(=O)NCCCn2ccc(C(F)(F)F)n2)CCC(=O)N2CCCC2C1=O,-7.024537354925169
CN1CCOc2ccccc2C(=O)NC(C(=O)NCCN2CCNC2=O)CCC(=O)N2CCCC2C1=O,-6.971303470245647
CN1CCOc2ccccc2C(=O)NCCCOc2ccccc2C(=O)NC(C(=O)NCc2cccc(CN3CCOCC3)c2)CCC1=O,-6.921188604040745
CN1CCOc2ccccc2CCCCC2(CN(C(=O)c3cccc(F)c3)CCO2)C1=O,-5.434710927440363
CN1CCOc2ccccc2CCCCC2(CN(C(=O)c3ccnn3C)CCO2)C1=O,-4.973310708484506
CN1CCOc2ccccc2CCCCC2(CN(C(=O)c3cnc4ccccc4c3)CCO2)C1=O,-5.240415020312854
CN1CCOc2ccccc2CCCCC2(CN(C(=O)CCc3ccccc3F)CCO2)C1=O,-5.798012854417112
CN1CCOc2ccccc2CCCCC2(CN(C(=O)CCc3cccnc3)CCO2)C1=O,-5.278477395784097
CN1CCOc2ccccc2CCCCC2(CN(C(=O)CCCCN)CCO2)C1=O,-5.719768497074698
CN1CCOc2ccccc2CCCCC2(CN(C(=O)CCCn3cccn3)CCO2)C1=O,-5.300397777603138
CN1CCOc2ccccc2CCCCC2(CN(C(=O)Cn3c(=O)oc4ccccc43)CCO2)C1=O,-5.851633153073545
CN1CCOc2ccccc2CCCCC2(CN(C(=O)Cn3cnc4ccccc43)CCO2)C1=O,-5.70250940848627
Cn1nccc1C(=O)N1CCCCC2(CO)CCN(CC2)C(=O)c2ccccc2OCC1,-7.041138058150983
CNC(=O)C12CCCCN(C(=O)c3cc(C)n[nH]3)CCOc3ccccc3C(=O)N(CC1)CC2,-6.993023049225133
CNC(=O)C12CCCCN(C(=O)c3ccc4[nH]cnc4c3)CCOc3ccccc3C(=O)N(CC1)CC2,-7.201177827354373
CNC(=O)C12CCCCN(C(=O)C3CCCCC3)CCOc3ccccc3C(=O)N(CC1)CC2,-6.4341504270286105
CNC(=O)C12CCCCN(C(=O)c3ccnc(O)c3)CCOc3ccccc3C(=O)N(CC1)CC2,-7.164822182098456
CNC(=O)C12CCCCN(C(=O)c3csc(N)n3)CCOc3ccccc3C(=O)N(CC1)CC2,-7.317514520928468
CNC(=O)C12CCCCN(C(=O)Cc3ccc(Cl)cc3)CCOc3ccccc3C(=O)N(CC1)CC2,-6.643703076562198
CNC(=O)C12CCCCN(C(=O)CCC(F)(F)F)CCOc3ccccc3C(=O)N(CC1)CC2,-6.78563630908488
CNC(=O)C12CCCCN(C(=O)CN(C)C)CCOc3ccccc3C(=O)N(CC1)CC2,-6.773600583228143
CNC(=O)C12CCCCN(C(=O)CN3CCOCC3)CCOc3ccccc3C(=O)N(CC1)CC2,-6.8085079685280645
CNc1ncc(CN2CCCCOCC(O)C(O)C(OC)CN(C(C)=O)CCC2)cn1,-7.4904145004259295
CNCCOc1ccc(C(=O)N2CCCCOCC(O)C(O)C(O)CN(C(=O)CC(C)C)CC2)cc1,-6.805259996686416
COc1cc(C(=O)N2CCC(N3CCCC(C)(C)COc4ccccc4Oc4ncccc4C3)CC2)ccn1,-5.693080597510764
COc1cc(C(=O)N2CCCCCCOc3ccccc3Oc3ncccc3C2)ccn1,-5.288776383704628
COc1ccc(/C=C/C(=O)N2CCCCOCC(O)C(O)C(OC)CN(C(C)=O)CC2CC(C)C)cc1OC,-6.8507678089683965
COc1ccc(C(=O)N2CCCCNC(=O)c3cc(Cl)ccc3OCC(CC(C)C)NC(=O)C2)cc1F,-6.129260798251091
COc1ccc(-c2cc(C(=O)N3CCOC4(CCCCc5ccccc5OCCNC4=O)C3)nn2C)cc1,-5.543331551190543
COc1ccc(CCC(=O)N2CCC3(CCCCc4ccccc4OCCN(CC(C)C)C3)CC2)cc1OC,-6.494062391456259
COc1ccc(CCC(=O)N2CCCCC3(CCN(Cc4ccccc4)CC3)C(=O)OCC(O)C(O)CC2)cc1OC,-6.025735308083603
COc1ccc(CCC(=O)N2CCCCC3(CCN(Cc4ccncc4)CC3)C(=O)OCC(O)C(O)CC2)c(OC)c1OC,-6.378022323498636
COc1ccc(CCCNC(=O)C2CC(=O)NC(CC(C)C)C(=O)N(C)CCOc3ccccc3C(=O)N2)cc1OC,-6.548056260409382
COc1ccc(CCCNC(=O)C2CC(=O)NC(Cc3ccccc3)C(=O)N(C)CCOc3ccccc3C(=O)N2)cc1OC,-6.553031578099324
COc1ccc(CCCNC(=O)C2CCC(=O)NC(CC(C)C)C(=O)N(C)C(Cc3ccccc3)COc3ccccc3C(=O)N2)cc1OC,-6.701148373461358
COc1ccc(CCCNC(=O)C2CCC(=O)NC3(CC3)C(=O)N(C)C(Cc3ccccc3)COc3ccccc3C(=O)N2)cc1OC,-7.0574736227350465
COc1ccc(CCNC(=O)C2CC(=O)NC(C(C)O)C(=O)NCCCOc3ccccc3C(=O)N2)cc1,-7.191597334159091
COc1ccc(CN2CCC3(CCCCOCC(C)NC(=O)C(CC(C)C)NC3=O)CC2)cc1Cc1c(C)noc1C,-5.284165338144344
COc1ccc(CN2CCOc3ccccc3CCCCC3(CCN(C(=O)CN(C)C)CC3)C2)cc1,-5.78384768394836
COc1ccc(CNC(=O)CN2CCCCCCOc3ccccc3Oc3ncccc3C2)cc1,-5.678334080280492
COc1ccc(F)cc1S(=O)(=O)N1CCCCN(C)C(=O)c2ccccc2OC2CCCCC21,-5.333127419478956
COc1ccc(OCCCNC(=O)C2CC(=O)NC(C)C(=O)N(C)C(Cc3ccccc3)COc3ccccc3C(=O)N2)cc1,-7.101396379300597
COc1ccc(OCCCNC(=O)C2CC(=O)NC(CC(C)C)C(=O)N(C)CCOc3ccccc3C(=O)N2)cc1,-6.7436642422181645
COc1ccc(OCCCNC(=O)C2CC(=O)NC(CC(C)C)C(=O)NCCCOc3ccccc3C(=O)N2)cc1,-7.205559893811367
COc1ccc(OCCN(C)C(=O)C2CCC(=O)NC(Cc3ccc(O)cc3)C(=O)N(C)CCOc3ccccc3C(=O)N2)cc1,-6.888963880811064
COc1ccc(OCCNC(=O)C2CC(=O)NC(Cc3ccccc3)C(=O)N3CCCC3COc3ccccc3C(=O)N2)cc1,-6.45931234710908
COc1ccc(OCCNC(=O)C2CC(=O)NC(CO)C(=O)NCCOc3ccccc3C(=O)N2)cc1,-7.235395927322449
COc1ccc2c(c1)OC(C)(C)CC2NC(=O)CCc1ccc2c(c1)CN(C(C)C)CC(=O)NCCCCCO2,-5.711449361285968
COc1cccc(C(=O)N2CCC3(CC2)CC(O)C(O)Cc2ccccc2OCC(=O)N(C)C3)n1,-6.866701157387639
COc1cccc(C(=O)N2CCCCC3(CO)CCN(CC3)C(=O)c3ccccc3OCC2)n1,-6.785261189093684
COc1cccc(C(=O)N2CCCCNC(=O)c3cc(Cl)ccc3OCC(C(C)C)NC(=O)C2)c1,-6.480176165998485
COc1cccc(C(=O)N2CCCCNC(=O)c3cc(Cl)ccc3OCC(CC(C)C)NC(=O)C2)c1,-6.067985721215694
COc1cccc(C2C(C(C)C)CN(C(C)=O)CC(OC)C(O)C(O)COCCCCN2C(=O)c2ccccc2OC)c1,-6.277103305756987
COc1cccc(C2C(C(C)C)CN(C(C)=O)CC(OC)C(O)C(O)COCCCCN2C(=O)CN2CCC(c3ccncc3)CC2)c1,-6.554307681083896
COc1cccc(C2C(C(C)C)CN(C(C)=O)CC(OC)C(O)C(O)COCCCCN2C(=O)CN2CCC(c3cnccn3)CC2)c1,-6.724964125581433
COc1cccc(C2C(C(C)C)CN(C(C)=O)CC(OC)C(O)C(O)COCCCCN2C(=O)CNCc2cccnc2)c1,-6.5695001346482185
COc1cccc(C2C(C(C)C)CN(C(C)=O)CC(OC)C(O)C(O)COCCCCN2C(=O)CNCc2nc(C)cc(C)n2)c1,-6.631273070854925
COc1cccc(CC(=O)N2CCCCNC(=O)c3cc(Cl)ccc3OCC(CC(C)C)NC(=O)C2)c1,-5.64355456825749
COc1cccc(CCCNC(=O)C2CC(=O)NC(C(C)C)C(=O)N(C)CCOc3ccccc3C(=O)N2)c1,-6.505483311238291
COc1cccc(CCNC(=O)CN2CCCC(C)(C)COc3ccccc3Oc3ncccc3C2)c1,-6.380696884893052
COc1cccc(CNC(=O)c2ccc3c(c2)Cc2cccc(c2)CN(C)CCCCCO3)c1,-5.536893274927024
COc1cccc(OCC(=O)N2CCCCC3(CCN(Cc4ccccn4)CC3)C(=O)OCC(O)C(O)CC2)c1,-6.463323989618835
COc1ccccc1C(=O)N1CCCCNC(=O)c2cc(Cl)ccc2OCC(C(C)C)NC(=O)C1,-6.43745900131751
COc1ccccc1CC(=O)N1CCCCN(C)C(=O)c2cc(Cl)ccc2OCC1,-5.216607955874097
COc1ccccc1OCCN(C)C(=O)C1CC(=O)NC(Cc2ccccc2)C(=O)N(C)CCOc2ccccc2C(=O)N1,-6.013773544919172
COC1CN(C(=O)c2ccccc2F)CC(CC(C)C)N(C(=O)/C=C/c2ccc(Cl)cc2Cl)CCCCOCC(O)C1O,-5.269987042232735
COC1CN(C(=O)c2ccccc2F)CC(CC(C)C)N(C(=O)/C=C/c2ccc(F)cc2Cl)CCCCOCC(O)C1O,-5.289885495366129
COC1CN(C(=O)c2ccccc2F)CC(CC(C)C)N(C(=O)/C=C/c2cccc(C(F)(F)F)c2)CCCCOCC(O)C1O,-5.395739867463655
COC1CN(C(=O)c2ccccc2F)CC(CC(C)C)N(C(=O)CN2CC(O)C2)CCCCOCC(O)C1O,-6.749456436754233
COC1CN(C(C)=O)CC(CC(C)C)N(C(=O)/C=C/c2ccc(F)cc2Cl)CCCCOCC(O)C1O,-5.6453349794024845
COC1CN(C(C)=O)CC(CC(C)C)N(C(=O)/C=C/c2cccc(F)c2)CCCCOCC(O)C1O,-6.059757483227784
COC1CN(C(C)=O)CC(CC(C)C)N(C(=O)/C=C/c2ccccc2)CCCCOCC(O)C1O,-6.259820396485593
COC1CN(C(C)=O)CC(CC(C)C)N(C(=O)/C=C/c2cccs2)CCCCOCC(O)C1O,-6.659737108163855
COC1CN(C(C)=O)CCCN(C(=O)c2ccc(C)[nH]c2=O)CCCCOCC(O)C1O,-7.209887486158474
COC1CN(C(C)=O)CCCN(C(=O)c2ccncc2)CCCCOCC(O)C1O,-6.955583838786836
COC1CN(C(C)=O)CCCN(C(=O)c2cncnc2)CCCCOCC(O)C1O,-7.106170001902634
COC1CN(C(C)=O)CCCN(CC(=O)N2CCN(c3ccccc3F)CC2)CCCCOCC(O)C1O,-6.678034163347852
COC1CN(C(C)=O)CCCN(CC(=O)Nc2ccc(F)c(Cl)c2)CCCCOCC(O)C1O,-6.7484314782004216
COC1CN(C(C)=O)CCCN(CC(=O)Nc2cccnc2Cl)CCCCOCC(O)C1O,-6.941922389473012
COC1CN(C(C)=O)CCCN(CC(=O)Nc2nc(C)c(C(=O)N(C)C)s2)CCCCOCC(O)C1O,-6.835637390144731
COC1CN(C(C)=O)CCCN(CC(=O)Nc2nc3c(s2)CCCC3)CCCCOCC(O)C1O,-6.72793446730441
COC1CN(C(C)=O)CCCN(CC(=O)Nc2nonc2C)CCCCOCC(O)C1O,-6.85239287497933
COCC(=O)N1CC(OC)C(O)C(O)COCCCCN(C(=O)/C=C/c2cccc(C(F)(F)F)c2)C(CC(C)C)C1,-5.801911580549948
COCC(=O)N1CC(OC)C(O)C(O)COCCCCN(C(=O)/C=C/c2cccc(F)c2)C(CC(C)C)C1,-6.161071482291535
COCC(=O)N1CCC2(CCCCc3ccccc3OCC(C)NC2=O)CC1,-5.311713083356602
COCC(=O)N1CCCCC2(COC)CCN(CC2)C(=O)c2ccccc2OCC1,-5.879593163984689
COCC(=O)N1CCCN(Cc2ccc(Cl)cc2)CCCN(C(=O)c2cn(C)c3ccccc23)Cc2ccccc21,-5.767982921251093
COCC12CCCCN(C(=O)c3ccc(N)nc3)CCOc3ccccc3C(=O)N(CC1)CC2,-7.001860346503956
COCC12CCCCN(C(=O)c3ccc4[nH]nnc4c3)CCOc3ccccc3C(=O)N(CC1)CC2,-7.022734825413142
COCC12CCCCN(C(=O)c3cccc(F)c3)CCOc3ccccc3C(=O)N(CC1)CC2,-5.069368287602143
COCC12CCCCN(C(=O)c3cccc(N)n3)CCOc3ccccc3C(=O)N(CC1)CC2,-6.777818100304924
COCC12CCCCN(C(=O)c3cccnc3N)CCOc3ccccc3C(=O)N(CC1)CC2,-6.898032974819548
COCC12CCCCN(C(=O)c3ccncn3)CCOc3ccccc3C(=O)N(CC1)CC2,-6.073266481344636
COCC12CCCCN(C(=O)c3cnc(C)nc3C)CCOc3ccccc3C(=O)N(CC1)CC2,-6.031420350636708
COCC12CCCCN(C(=O)c3cnccn3)CCOc3ccccc3C(=O)N(CC1)CC2,-5.78971952338992
COCC12CCCCN(C(=O)c3cncnc3)CCOc3ccccc3C(=O)N(CC1)CC2,-6.053524265593654
COCC12CCCCN(C(=O)c3cscn3)CCOc3ccccc3C(=O)N(CC1)CC2,-5.61745696141881
COCC12CCCCN(C(=O)c3scnc3C)CCOc3ccccc3C(=O)N(CC1)CC2,-5.535749412540249
COCC12CCCCN(C(=O)Cc3c[nH]c4ccccc34)CCOc3ccccc3C(=O)N(CC1)CC2,-6.05063082746051
COCC12CCCCN(C(=O)Cc3noc4ccccc34)CCOc3ccccc3C(=O)N(CC1)CC2,-5.534542341401829
COCC12CCCCN(C(=O)CCc3ccc(Cl)cc3)CCOc3ccccc3C(=O)N(CC1)CC2,-5.234755066374583
COCC12CCCCN(C(=O)CCC3CCCC3)CCOc3ccccc3C(=O)N(CC1)CC2,-5.099815464273643
COCC12CCCCN(C(=O)CN(C)C)CCOc3ccccc3C(=O)N(CC1)CC2,-6.272083352169245
COCC12CCCCN(C(C)=O)CCOc3ccccc3C(=O)N(CC1)CC2,-5.822631677014083
COCc1cccc(C(=O)N2CCCCNC(=O)c3cc(Cl)ccc3OCC(C(C)C)NC(=O)C2)c1,-6.466120225512147
COCc1cccc(C(=O)N2CCOC3(CCCCc4ccccc4OCCNC3=O)C2)c1,-5.248324097543356
COCC1CCCN1C(=O)C1CC(=O)NC(C(C)C)C(=O)NC(Cc2ccccc2)COc2ccccc2C(=O)N1,-6.709396692907234
COCC1CCCN1C(=O)C1CC(=O)NC(C(C)C)C(=O)NCCCOc2ccccc2C(=O)N1,-6.940869724259861
COCC1CCCN1C(=O)C1CC(=O)NC(C(C)O)C(=O)N(C)CCOc2ccccc2C(=O)N1,-6.856922772900057
COCC1CCCN1C(=O)C1CC(=O)NC(C)(C)C(=O)NC(Cc2ccccc2)COc2ccccc2C(=O)N1,-6.7325930368295275
COCC1CCCN1C(=O)C1CC(=O)NC(C)C(=O)N2CCCC2COc2ccccc2C(=O)N1,-6.796865536352633
COCC1CCCN1C(=O)C1CC(=O)NC(CC(C)C)C(=O)NCCCOc2ccccc2C(=O)N1,-6.939660962545616
COCC1CCCN1C(=O)C1CCC(=O)NC(CC(C)C)C(=O)N(C)C(Cc2ccccc2)COc2ccccc2C(=O)N1,-6.317772513928692
COCC1CCCN1C(=O)C1CCC(=O)NC(Cc2ccccc2)C(=O)NC(C(C)C)COc2ccccc2C(=O)N1,-6.651526216188307
COCc1nc(C2CCN(C(=O)CCc3ccc4c(c3)CN(C(C)C)CC(=O)NCCCCCO4)CC2)no1,-5.353512476687059
COCc1nnc(C2CCN(C(=O)CCc3ccc4c(c3)CN(C(C)C)CC(=O)NCCCCCO4)CC2)o1,-5.487485351179241
COCc1nnc(NC(=O)CN2CCOC3(C/C=C/Cc4ccccc4OCCNC3=O)C2)s1,-5.585141463659461
COCCCNC(=O)C1CC(=O)NC(CC(C)C)C(=O)NCCCOc2ccccc2C(=O)N1,-7.303894396801455
COCCN1CCN(C(=O)C2CCC(=O)NC(C(C)C)C(=O)N(C)C(Cc3ccccc3)COc3ccccc3C(=O)N2)CC1,-6.950244718571632
COCCN1CCN(C(=O)CCc2ccc3c(c2)CN(Cc2ccccc2)CC(=O)NCCCCCO3)CC1,-5.6404335774444085
CS(=O)(=O)N1CCC(CC(=O)N2CCCCC3(CO)CCN(CC3)C(=O)c3ccccc3OCC2)CC1,-7.256235467664602
CS(=O)(=O)NCC(=O)N1CCCCC2(CCN(Cc3ccccn3)CC2)C(=O)OCC(O)C(O)CC1,-6.159041177037483
CS(=O)(=O)NCC(=O)N1CCCCNC(=O)c2cc(Cl)ccc2OCC(Cc2ccccc2)NC(=O)C1,-6.774298133597351
NC(=O)c1ccc(-c2ccc3c(c2)CNCCCCCCCN3C(=O)c2ccncc2)cc1,-6.783141441812437
NC(=O)CCNC(=O)CN1CCCCCCOc2ccccc2Oc2ncccc2C1,-6.553126485147672
Nc1ncc(C(=O)N2CCCCC3(CO)CCN(CC3)C(=O)c3ccccc3OCC2)s1,-7.454553724282085
Nc1nccnc1C(=O)N1CCCCC2(CO)CCN(CC2)C(=O)c2ccccc2OCC1,-7.39406877205116
NS(=O)(=O)c1ccc(CCNC(=O)Cc2ccc3c(c2)CN(Cc2ccccc2)CC(=O)NCCCCCO3)cc1,-6.7934962656956035
O=C(c1cc(-c2ccc(F)cc2)n[nH]1)N1CCOC2(CCCCc3ccccc3OCCNC2=O)C1,-5.862755380979762
O=C(c1cc(F)cc(F)c1)N1CCCCC2(CO)CCN(CC2)C(=O)c2ccccc2OCC1,-6.425332641812425
O=C(c1ccc(F)cc1)N1CCN(C(=O)c2cncs2)CCCCOCC(O)C(O)C(O)C1,-7.096426180298567
O=C(c1ccc2c(c1)Cc1cccc(c1)CN(C1CCOCC1)CCOCCO2)N1CCN(CCO)CC1,-7.066400614453427
O=C(c1ccc2ccccc2n1)N1CCCCC2(CCN(Cc3ccccn3)CC2)C(=O)OCC(O)C(O)CC1,-6.422535302348782
O=C(c1ccc2ccccc2n1)N1CCCCC2(CCN(Cc3ccncc3)CC2)C(=O)OCC(O)C(O)CC1,-6.5877789691816675
O=C(c1cccc2cc[nH]c12)N1CCCCC2(CCN(Cc3ccccn3)CC2)C(=O)OCC(O)C(O)CC1,-6.565417065309894
O=C(c1cccnc1)N1CCCCCCCNCc2cc(-c3ccc(Cl)c(F)c3)ccc21,-5.803339412714735
O=C(c1cccnc1)N1CCCCCCCNCc2cc(-c3ccc(F)nc3)ccc21,-5.1884830668596615
O=C(c1ccncc1)N1CCCCCCCNCc2cc(N3CCCC3)ccc21,-5.673122927263085
O=C(c1ccncn1)N1CCCCC2(CO)CCN(CC2)C(=O)c2ccccc2OCC1,-7.347967238931836
O=C(c1cnc2ccccc2c1)N1CCCCC2(CCN(Cc3ccccn3)CC2)C(=O)OCC(O)C(O)CC1,-6.571327083588816
O=C(c1cnc2ccccc2n1)N1CCCCC2(CO)CCN(CC2)C(=O)c2ccccc2OCC1,-7.018726188371519
O=C(c1csc(-c2ccccc2)n1)N1CCOC2(CCCCc3ccccc3OCCNC2=O)C1,-5.5296830159975965
O=C(c1n[nH]c2ccccc12)N1CCOC2(CCCCc3ccccc3OCCNC2=O)C1,-6.270706260759401
O=C(Cc1c(F)cccc1Cl)N1CCCCC2(CCN(Cc3ccncc3)CC2)C(=O)OCC(O)C(O)CC1,-6.246200483680558
O=C(Cc1c[nH]c2ccccc12)N1CCCCC2(CCN(Cc3ccccc3)CC2)C(=O)OCC(O)C(O)CC1,-6.465511547774804
O=C(Cc1ccc(F)cc1)N1CCCCC2(CCN(Cc3ccncc3)CC2)C(=O)OCC(O)C(O)CC1,-6.356123707843332
O=C(Cc1ccc2c(c1)CN(Cc1ccccc1)CC(=O)NCCCCCO2)NCC(c1ccccc1)N1CCCCC1,-5.5500924926342705
O=C(Cc1ccc2c(c1)CN(Cc1ccccc1)CC(=O)NCCCCCO2)NCc1cccc(N2CCCC2=O)c1,-5.473976945937938
O=C(Cc1ccc2c(c1)CN(Cc1ccccc1)CC(=O)NCCCCCO2)NCCC1CCCCN1C1CCCC1,-5.5251230164351135
O=C(Cc1ccc2c(c1)CN(Cc1ccccc1)CC(=O)NCCCCCO2)NCCCn1cncn1,-5.837204651939966
O=C(Cc1ccc2c(c1)CN(Cc1ccccc1)CC(=O)NCCCCCO2)NCCCO,-5.750032856754995
O=C(Cc1ccccc1)N1CCOC2(CCCCc3ccccc3OCCNC2=O)C1,-5.343196442126968
O=C(Cc1ccccc1Cl)N1CCCCC2(CO)CCN(CC2)C(=O)c2ccccc2OCC1,-6.383726208928114
O=C(Cc1ccccc1F)N1CCCCC2(CCN(Cc3ccncc3)CC2)C(=O)OCC(O)C(O)CC1,-6.348639223427101
O=C(CCn1ccnc1)N1CCOC2(CCCCc3ccccc3OCCNC2=O)C1,-6.687657155740934
O=C(CCOc1ccc(F)cc1)N1CCCCC2(CO)CCN(CC2)C(=O)c2ccccc2OCC1,-6.557649104200267
O=C(Cn1ccc(=O)[nH]c1=O)N1CCOC2(C/C=C/Cc3ccccc3OCCNC2=O)C1,-7.1410250732728855
O=C(CN1CCC2NC(=O)C(Cc3ccccc3)NC(=O)C3(C/C=C/CC2C1)CCOCC3)Nc1ccc(C(F)(F)F)cc1,-5.799417088961021
O=C(CN1CCCC1)N1CCOC2(CCCCc3ccccc3OCCNC2=O)C1,-6.0718676824716065
O=C(CN1CCCCCCOc2ccccc2Oc2ncccc2C1)N1C2CCC1CC(O)C2,-5.301542579198703
O=C(CN1CCCCCCOc2ccccc2Oc2ncccc2C1)NC(CO)Cc1cnc[nH]1,-6.16253896080742
O=C(CN1CCCCCCOc2ccccc2Oc2ncccc2C1)Nc1cccc(Cl)c1,-6.195437633850403
O=C(CN1CCCCCCOc2ccccc2Oc2ncccc2C1)NCC1CC1,-5.349022542100397
O=C(CN1CCCCCCOc2ccccc2Oc2ncccc2C1)NCc1cccc(CN2CCOCC2)c1,-5.196590880670377
O=C(CN1CCCCCCOc2ccccc2Oc2ncccc2C1)NCC1CCOCC1,-5.149532575555481
O=C(CN1CCCCCCOc2ccccc2Oc2ncccc2C1)NCCOc1ccccc1,-5.850040161042829
O=C(CN1CCOC2(C/C=C/Cc3ccccc3OCCNC2=O)C1)Nc1cccc(F)c1,-5.32480358764627
O=C(CN1CCOC2(CCCCc3ccccc3OCCNC2=O)C1)Nc1ccc2c(c1)OCCO2,-5.639327283409281
O=C(CN1CCOC2(CCCCc3ccccc3OCCNC2=O)C1)Nc1ccc2nc(O)oc2c1,-7.43087523752684
O=C(CN1CCOC2(CCCCc3ccccc3OCCNC2=O)C1)Nc1ccccc1OC(F)F,-5.504458497651195
O=C(CN1CCOC2(CCCCc3ccccc3OCCNC2=O)C1)NCc1ccc2c(c1)OCO2,-5.301144166829486
O=C(NCC(=O)N1CCOC2(CCCCc3ccccc3OCCNC2=O)C1)c1ccccc1,-6.533246205704387
O=C1c2ccccc2OCCN(C(=O)C2CCCC2)CCCCC2(CO)CCN1CC2,-6.626296485233115
O=C1c2ccccc2OCCN(C(=O)c2cccc3[nH]ccc23)CCCCC2(CO)CCN1CC2,-7.2833878059757735
O=C1CC(C(=O)NCCc2ccc(F)cc2)NC(=O)c2ccccc2OCC2CCCN2C(=O)C(Cc2ccc(O)cc2)N1,-7.033232831676524
O=C1CC(C(=O)NCCCn2ccc(C(F)(F)F)n2)NC(=O)c2ccccc2OCC2CCCN2C(=O)C(Cc2ccccc2)N1,-6.790246368475933
O=C1CC(C(=O)NCCN2CCOCC2)NC(=O)c2ccccc2OCCNC(=O)C(Cc2c[nH]cn2)N1,-7.239046444051995
O=C1CC(C(=O)NCCOc2ccc(Cl)cc2)NC(=O)c2ccccc2OCCNC(=O)C(CO)N1,-7.1108648248870905
O=C1CN(C(=O)c2ccccc2C(F)(F)F)CCCCNC(=O)c2cc(Cl)ccc2OCC(Cc2ccccc2)N1,-6.152936384465436
O=C1CN(C(=O)CCN2CCCC2)CCCCNC(=O)c2cc(Cl)ccc2OCC(Cc2ccccc2)N1,-7.021867747857128
O=C1CN(C(=O)CN2CCCCCCOc3ccccc3Oc3ncccc3C2)CCN1,-6.443597857818402
O=C1CN(Cc2ccccc2)Cc2c(cccc2C(=O)N2C3CCC2CC(O)C3)OCCCCCN1,-6.474961232665695
O=C1CN(Cc2ccccc2)Cc2c(cccc2C(=O)N2CCC(CCO)CC2)OCCCCCN1,-6.24775441636567
O=C1CN(Cc2ccccc2)Cc2c(cccc2C(=O)NC2CC2)OCCCCCN1,-6.051514664023392
O=C1CN(Cc2ccccc2)Cc2c(cccc2C(=O)NC2CCN(Cc3ccccc3)CC2)OCCCCCN1,-5.825762083395297
O=C1CN(Cc2ccccc2)Cc2cc(CCC(=O)N3CCC(O)CC3)ccc2OCCCCCN1,-6.413395180675465
O=C1CN(Cc2ccccc2)Cc2cc(CCC(=O)NC(CO)Cc3ccccc3)ccc2OCCCCCN1,-5.610286994546525
O=C1COc2ccccc2C/C=C/CC2C(CCCN2C(=O)c2ccc3[nH]cnc3c2)N1,-7.220694961718549
O=C1NC(C(=O)NCc2cccc(CN3CCOCC3)c2)CC(=O)N2CCCC2C(=O)NCCOc2ccccc21,-6.9407605881983265
O=C1NC2CCN(C(=O)c3cccc(Cc4ccccc4)n3)CC2C/C=C/CC2(CCOCC2)C(=O)NC1Cc1ccccc1,-5.952169443232789
O=C1NC2CCN(C(=O)c3n[nH]c4ccccc34)CC2C/C=C/CC2(CCOCC2)C(=O)NC1Cc1ccccc1,-7.0523143610033525
O=C1NC2CCN(C(=O)CCCn3c(C(F)(F)F)nc4ccccc43)CC2C/C=C/CC2(CCOCC2)C(=O)NC1Cc1ccccc1,-6.316918350493556
O=C1NC2CCN(C(=O)Cn3nnc4ccccc43)CC2C/C=C/CC2(CCOCC2)C(=O)NC1Cc1ccccc1,-7.0452479419002945
O=C1NCC2(CCCCCCOc3ccc(Cl)cc31)CCN(C(=O)c1cccc(F)c1)CC2,-5.6460561039123505
O=C1NCC2(CCCCCOc3ccc(Cl)cc31)CCN(C(=O)c1ccc3c(c1)OCO3)CC2,-5.284069351005886
O=C1NCC2(CCCCCOc3ccccc31)CCCN(C(=O)CC1CC1)C2,-5.108201002123909
O=C1NCC2(CCCCCOc3ccccc31)CCCN(C(=O)CCc1ccc(F)cc1)C2,-5.414357005003687
O=C1NCC2(CCCCCOc3ccccc31)CCN(C(=O)c1cncs1)CC2,-5.258714470479269
O=C1NCC2(CCCCCOc3ccccc31)CCN(C(=O)CCCn1cccn1)CC2,-5.562126621836063
O=C1NCCCCN(C(=O)c2cccc(C(F)(F)F)c2)CCCCOc2ccc(Cl)cc21,-5.448053139686066
O=C1NCCOCCOc2ccc(C(=O)N3CC(O)C3)cc2Cc2cccc1c2,-7.4720479907518245
O=C1NCCOCCOc2ccc(C(=O)N3CCN(c4ccccn4)CC3)cc2Cc2cccc1c2,-6.262794882467361
O=C1NCCOCCOc2ccc(C(=O)N3CCN(Cc4ccc(F)cc4)CC3)cc2Cc2cccc1c2,-5.8402199348036
OC1CCNCCCCc2ccccc2OCC1O,-6.962645843608576
OCC12CCCCNCCOc3ccccc3CN(CC1)CC2,-7.408003812885854
